time_stamp	animal	time1	time2	tampl	tdur	tpos	tbeg	tsize
20170527_114826	00917	120.00	135.00	NA	NA	NA	NA	15.000
20170527_114826	00917	135.00	150.00	29.900	0.079	146.540	146.522	15.000
20170527_114826	00917	135.00	150.00	52.800	8.279	142.637	137.550	15.000
20170527_114826	00917	30.00	45.00	46.400	9.638	34.433	32.107	14.430
20170527_114826	00917	45.00	60.00	180.000	2.804	48.410	47.993	15.000
20170527_114826	00917	45.00	60.00	180.000	7.028	59.425	55.647	15.000
20170527_114826	00917	45.00	60.00	27.100	0.073	45.433	45.433	15.000
20170527_114826	00917	45.00	60.00	31.200	0.083	54.770	54.748	15.000
20170527_114826	00917	45.00	60.00	46.700	1.333	53.607	52.602	15.000
20170527_114826	00917	75.00	90.00	32.300	0.072	85.618	85.599	15.000
20170527_114826	00917	75.00	90.00	37.700	0.117	78.633	78.601	15.000
20170527_114826	00917	75.00	90.00	37.800	0.145	77.335	77.295	15.000
20170527_114826	00917	75.00	90.00	40.800	0.655	87.082	87.021	15.000
20170527_114826	00917	75.00	90.00	58.900	3.840	82.060	80.833	15.000
20170527_114826	00917	90.00	105.00	180.000	2.498	93.210	92.716	15.000
20170527_114826	00917	90.00	105.00	40.800	0.835	97.480	97.440	15.000
20170527_114826	00917	90.00	105.00	50.600	0.111	96.747	96.699	15.000
20170527_114826	01159	120.00	135.00	27.800	0.059	123.833	123.826	15.000
20170527_114826	01159	120.00	135.00	33.200	0.501	125.754	125.651	15.000
20170527_114826	01159	120.00	135.00	42.000	1.719	127.708	126.870	15.000
20170527_114826	01159	135.00	150.00	29.000	0.606	144.402	144.261	15.000
20170527_114826	01159	135.00	150.00	29.100	0.049	146.939	146.927	15.000
20170527_114826	01159	135.00	150.00	30.700	0.109	143.036	142.998	15.000
20170527_114826	01159	135.00	150.00	30.700	0.326	147.746	147.729	15.000
20170527_114826	01159	135.00	150.00	32.600	0.102	136.138	136.106	15.000
20170527_114826	01159	135.00	150.00	32.600	1.050	140.244	140.197	15.000
20170527_114826	01159	135.00	150.00	34.500	0.593	148.930	148.865	15.000
20170527_114826	01159	135.00	150.00	38.100	0.795	138.139	138.061	15.000
20170527_114826	01159	135.00	150.00	53.300	0.121	146.152	146.111	15.000
20170527_114826	01159	30.00	45.00	30.200	0.055	39.003	38.991	11.981
20170527_114826	01159	30.00	45.00	58.300	2.939	42.120	41.161	11.981
20170527_114826	01159	45.00	60.00	180.000	11.336	55.027	52.113	15.000
20170527_114826	01159	45.00	60.00	180.000	5.312	48.573	45.584	15.000
20170527_114826	01159	75.00	90.00	29.100	0.624	85.216	84.934	15.000
20170527_114826	01159	75.00	90.00	46.300	1.572	79.843	79.568	15.000
20170527_114826	01159	90.00	105.00	180.000	4.016	95.868	93.668	15.000
20170527_114826	01159	90.00	105.00	29.600	0.385	103.195	102.950	15.000
20170527_114826	01159	90.00	105.00	32.100	0.465	92.473	92.385	15.000
20170527_114826	01159	90.00	105.00	36.300	0.142	91.023	90.935	15.000
20170527_114826	01373	120.00	135.00	35.400	0.102	129.549	129.506	15.000
20170527_114826	01373	120.00	135.00	36.000	1.865	120.921	120.838	15.000
20170527_114826	01373	120.00	135.00	41.600	0.796	126.085	125.883	15.000
20170527_114826	01373	135.00	150.00	36.500	1.693	138.866	137.955	15.000
20170527_114826	01373	135.00	150.00	41.400	0.988	137.256	136.338	15.000
20170527_114826	01373	135.00	150.00	55.000	5.278	141.597	140.325	15.000
20170527_114826	01373	30.00	45.00	39.800	0.842	44.549	43.772	6.817
20170527_114826	01373	45.00	60.00	28.400	0.043	50.259	50.253	15.000
20170527_114826	01373	45.00	60.00	29.200	0.397	46.400	46.380	15.000
20170527_114826	01373	45.00	60.00	44.100	1.046	47.740	47.693	15.000
20170527_114826	01373	45.00	60.00	66.700	8.099	59.597	52.074	15.000
20170527_114826	01373	75.00	90.00	NA	NA	NA	NA	15.000
20170527_114826	01373	90.00	105.00	27.100	0.307	96.429	96.423	15.000
20170527_114826	01373	90.00	105.00	29.600	0.054	93.123	93.112	15.000
20170527_114826	01373	90.00	105.00	32.100	1.357	101.731	101.584	15.000
20170527_114826	01373	90.00	105.00	32.400	0.281	93.940	93.908	15.000
20170527_114826	01373	90.00	105.00	35.300	0.096	100.121	100.090	15.000
20170527_114826	01373	90.00	105.00	57.000	3.472	90.289	88.084	15.000
20170527_114826	01442	120.00	135.00	NA	NA	NA	NA	15.000
20170527_114826	01442	135.00	150.00	180.000	7.707	140.487	135.754	15.000
20170527_114826	01442	135.00	150.00	42.400	2.966	147.344	145.781	15.000
20170527_114826	01442	30.00	45.00	27.300	0.071	44.391	44.389	4.882
20170527_114826	01442	30.00	45.00	30.300	0.076	41.303	41.268	4.882
20170527_114826	01442	30.00	45.00	30.800	0.160	42.772	42.750	4.882
20170527_114826	01442	45.00	60.00	38.600	4.794	50.923	49.525	15.000
20170527_114826	01442	45.00	60.00	46.300	4.057	57.333	55.426	15.000
20170527_114826	01442	45.00	60.00	54.100	3.662	46.562	45.148	15.000
20170527_114826	01442	75.00	90.00	28.000	0.491	88.145	88.133	15.000
20170527_114826	01442	75.00	90.00	34.000	1.944	80.399	79.784	15.000
20170527_114826	01442	90.00	105.00	31.200	0.131	104.596	104.580	15.000
20170527_114826	01442	90.00	105.00	33.400	0.690	100.855	100.695	15.000
20170527_114826	01442	90.00	105.00	59.500	6.604	92.473	90.351	15.000
20170527_114826	01478	120.00	135.00	31.400	0.662	127.708	127.525	15.000
20170527_114826	01478	135.00	150.00	28.800	0.074	143.272	143.266	15.000
20170527_114826	01478	30.00	45.00	NA	NA	NA	NA	3.537
20170527_114826	01478	45.00	60.00	180.000	8.773	50.427	45.889	15.000
20170527_114826	01478	45.00	60.00	41.700	1.315	56.000	55.309	15.000
20170527_114826	01478	75.00	90.00	28.500	0.049	86.340	86.333	15.000
20170527_114826	01478	90.00	105.00	180.000	9.896	92.718	87.063	15.000
20170527_114826	01478	90.00	105.00	47.300	1.988	104.930	103.828	15.000
20170527_114826	01478	90.00	105.00	75.900	2.519	101.731	100.431	15.000
20170527_114826	01486	120.00	135.00	NA	NA	NA	NA	15.000
20170527_114826	01486	135.00	150.00	180.000	4.000	144.242	142.199	15.000
20170527_114826	01486	135.00	150.00	39.400	1.282	136.608	136.093	15.000
20170527_114826	01486	135.00	150.00	44.700	1.469	139.914	139.065	15.000
20170527_114826	01486	30.00	45.00	NA	NA	NA	NA	3.297
20170527_114826	01486	45.00	60.00	180.000	16.401	53.774	42.963	15.000
20170527_114826	01486	75.00	90.00	NA	NA	NA	NA	15.000
20170527_114826	01486	90.00	105.00	180.000	1.840	101.568	101.066	15.000
20170527_114826	01486	90.00	105.00	29.100	0.153	103.925	103.890	15.000
20170527_114826	01486	90.00	105.00	29.400	0.283	92.305	92.201	15.000
20170527_114826	01486	90.00	105.00	31.100	0.303	91.266	91.236	15.000
20170527_114826	01496	120.00	135.00	NA	NA	NA	NA	15.000
20170527_114826	01496	135.00	150.00	27.400	0.614	139.757	139.735	15.000
20170527_114826	01496	135.00	150.00	38.600	4.062	143.522	141.365	15.000
20170527_114826	01496	135.00	150.00	42.000	0.075	148.369	148.339	15.000
20170527_114826	01496	30.00	45.00	180.000	6.601	42.851	44.386	2.966
20170527_114826	01496	45.00	60.00	NA	NA	NA	NA	15.000
20170527_114826	01496	75.00	90.00	NA	NA	NA	NA	15.000
20170527_114826	01496	90.00	105.00	28.200	0.038	104.851	104.845	15.000
20170527_114826	01496	90.00	105.00	33.400	0.246	91.185	91.009	15.000
20170527_114826	01496	90.00	105.00	38.800	2.676	102.710	100.587	15.000
20170527_114826	01496	90.00	105.00	51.600	0.356	96.510	96.439	15.000
20170527_114826	01503	120.00	135.00	NA	NA	NA	NA	10.371
20170527_114826	01503	30.00	45.00	NA	NA	NA	NA	2.630
20170527_114826	01503	45.00	60.00	180.000	1.918	56.998	56.631	15.000
20170527_114826	01503	45.00	60.00	180.000	8.580	50.668	45.569	15.000
20170527_114826	01503	45.00	60.00	28.200	0.490	55.265	55.250	15.000
20170527_114826	01503	75.00	90.00	31.300	0.078	77.158	77.137	15.000
20170527_114826	01503	75.00	90.00	32.100	0.808	80.085	79.815	15.000
20170527_114826	01503	90.00	105.00	39.100	2.883	91.976	90.657	15.000
20170527_114826	01503	90.00	105.00	39.200	0.279	100.276	100.228	15.000
20170527_114826	01503	90.00	105.00	44.800	1.236	103.355	103.182	15.000
20170527_114826	01561	120.00	135.00	NA	NA	NA	NA	15.000
20170527_114826	01561	135.00	150.00	32.600	0.706	137.661	137.441	15.000
20170527_114826	01561	135.00	150.00	35.300	1.455	141.210	140.474	15.000
20170527_114826	01561	45.00	60.00	180.000	3.588	53.199	52.870	14.808
20170527_114826	01561	45.00	60.00	56.500	3.118	47.315	46.939	14.808
20170527_114826	01561	45.00	60.00	63.500	0.119	58.424	58.371	14.808
20170527_114826	01561	75.00	90.00	NA	NA	NA	NA	15.000
20170527_114826	01561	90.00	105.00	180.000	4.393	94.267	90.916	15.000
20170527_114826	01569	120.00	135.00	NA	NA	NA	NA	8.713
20170527_114826	01569	45.00	60.00	NA	NA	NA	NA	14.488
20170527_114826	01569	75.00	90.00	NA	NA	NA	NA	15.000
20170527_114826	01569	90.00	105.00	NA	NA	NA	NA	15.000
20170527_114826	01636	120.00	135.00	NA	NA	NA	NA	15.000
20170527_114826	01636	135.00	150.00	NA	NA	NA	NA	15.000
20170527_114826	01636	45.00	60.00	NA	NA	NA	NA	9.820
20170527_114826	01636	75.00	90.00	NA	NA	NA	NA	15.000
20170527_114826	01636	90.00	105.00	NA	NA	NA	NA	15.000
20170527_114826	01660	120.00	135.00	NA	NA	NA	NA	15.000
20170527_114826	01660	135.00	150.00	NA	NA	NA	NA	15.000
20170527_114826	01660	45.00	60.00	NA	NA	NA	NA	8.502
20170527_114826	01660	75.00	90.00	NA	NA	NA	NA	15.000
20170527_114826	01660	90.00	105.00	NA	NA	NA	NA	15.000
20170527_114826	01703	120.00	135.00	41.400	0.148	134.525	134.429	15.000
20170527_114826	01703	120.00	135.00	41.800	0.854	132.341	132.079	15.000
20170527_114826	01703	135.00	150.00	120.200	4.252	143.036	140.435	15.000
20170527_114826	01703	135.00	150.00	180.000	-68.329	143.036	140.435	15.000
20170527_114826	01703	135.00	150.00	63.000	2.094	137.903	137.718	15.000
20170527_114826	01703	135.00	150.00	67.600	1.084	136.138	135.208	15.000
20170527_114826	01703	45.00	60.00	28.000	0.308	57.417	57.393	5.319
20170527_114826	01703	75.00	90.00	103.800	2.337	88.474	86.696	15.000
20170527_114826	01703	75.00	90.00	180.000	2.145	81.653	80.538	15.000
20170527_114826	01703	75.00	90.00	55.300	0.247	85.695	85.638	15.000
20170527_114826	01703	75.00	90.00	58.500	0.153	79.368	79.281	15.000
20170527_114826	01703	90.00	105.00	180.000	0.693	101.821	101.615	15.000
20170527_114826	01703	90.00	105.00	180.000	-30.201	102.794	102.308	15.000
20170527_114826	01704	120.00	135.00	NA	NA	NA	NA	15.000
20170527_114826	01704	135.00	150.00	NA	NA	NA	NA	9.633
20170527_114826	01704	45.00	60.00	NA	NA	NA	NA	5.230
20170527_114826	01704	75.00	90.00	NA	NA	NA	NA	15.000
20170527_114826	01704	90.00	105.00	NA	NA	NA	NA	15.000
20170527_114826	01750	120.00	135.00	28.000	0.041	122.818	122.814	15.000
20170527_114826	01750	120.00	135.00	28.100	0.052	132.818	132.798	15.000
20170527_114826	01750	135.00	150.00	180.000	3.331	138.139	137.548	15.000
20170527_114826	01750	135.00	150.00	37.000	2.427	143.762	143.489	15.000
20170527_114826	01750	135.00	150.00	74.700	1.785	135.256	134.867	15.000
20170527_114826	01750	45.00	60.00	NA	NA	NA	NA	1.991
20170527_114826	01750	75.00	90.00	NA	NA	NA	NA	15.000
20170527_114826	01750	90.00	105.00	29.200	0.734	102.952	102.372	15.000
20170527_114826	01750	90.00	105.00	38.300	0.097	103.925	103.883	15.000
20170527_114826	01835	120.00	135.00	NA	NA	NA	NA	15.000
20170527_114826	01835	135.00	150.00	27.700	0.153	137.584	137.502	15.000
20170527_114826	01835	135.00	150.00	30.000	0.171	136.218	136.132	15.000
20170527_114826	01835	135.00	150.00	34.000	0.506	139.914	139.878	15.000
20170527_114826	01835	75.00	90.00	27.100	0.041	87.328	87.328	15.000
20170527_114826	01835	75.00	90.00	30.300	0.145	85.777	85.709	15.000
20170527_114826	01835	75.00	90.00	30.500	0.050	80.630	80.617	15.000
20170527_114826	01835	90.00	105.00	180.000	2.560	96.902	96.748	15.000
20170527_114826	01835	90.00	105.00	27.600	0.147	100.121	100.113	15.000
20170527_114826	01835	90.00	105.00	27.600	0.275	93.447	93.433	15.000
20170527_114826	01835	90.00	105.00	34.700	0.159	92.220	92.128	15.000
20170527_114826	01836	120.00	135.00	NA	NA	NA	NA	15.000
20170527_114826	01836	135.00	150.00	46.300	3.841	138.538	137.926	15.000
20170527_114826	01836	135.00	150.00	52.500	1.279	136.608	135.722	15.000
20170527_114826	01836	75.00	90.00	32.500	0.109	79.368	79.331	15.000
20170527_114826	01836	75.00	90.00	34.000	0.118	80.166	80.121	15.000
20170527_114826	01836	90.00	105.00	180.000	6.166	97.063	92.563	15.000
20170527_114826	01836	90.00	105.00	27.100	0.144	103.521	103.519	15.000
20170527_114826	01836	90.00	105.00	30.300	0.849	91.185	90.923	15.000
20170527_114826	01843	120.00	135.00	NA	NA	NA	NA	15.000
20170527_114826	01843	135.00	150.00	NA	NA	NA	NA	9.633
20170527_114826	01843	75.00	90.00	NA	NA	NA	NA	15.000
20170527_114826	01843	90.00	105.00	NA	NA	NA	NA	15.000
20170527_114826	01849	120.00	135.00	NA	NA	NA	NA	15.000
20170527_114826	01849	135.00	150.00	NA	NA	NA	NA	15.000
20170527_114826	01849	75.00	90.00	NA	NA	NA	NA	15.000
20170527_114826	01849	90.00	105.00	NA	NA	NA	NA	15.000
20170527_114826	01855	120.00	135.00	NA	NA	NA	NA	15.000
20170527_114826	01855	135.00	150.00	30.900	0.621	136.853	136.602	5.487
20170527_114826	01855	75.00	90.00	27.200	0.041	87.413	87.412	15.000
20170527_114826	01855	90.00	105.00	180.000	5.500	104.341	101.040	15.000
20170527_114826	01862	120.00	135.00	28.200	0.835	120.171	119.410	7.708
20170527_114826	01862	75.00	90.00	31.200	0.131	83.901	83.883	15.000
20170527_114826	01862	75.00	90.00	31.600	0.212	88.733	88.714	15.000
20170527_114826	01862	90.00	105.00	NA	NA	NA	NA	15.000
20170527_114826	01906	120.00	135.00	NA	NA	NA	NA	15.000
20170527_114826	01906	135.00	150.00	NA	NA	NA	NA	5.163
20170527_114826	01906	75.00	90.00	NA	NA	NA	NA	15.000
20170527_114826	01906	90.00	105.00	NA	NA	NA	NA	15.000
20170527_114826	01922	120.00	135.00	NA	NA	NA	NA	15.000
20170527_114826	01922	135.00	150.00	NA	NA	NA	NA	15.000
20170527_114826	01922	75.00	90.00	NA	NA	NA	NA	15.000
20170527_114826	01922	90.00	105.00	NA	NA	NA	NA	15.000
20170527_114826	01940	120.00	135.00	NA	NA	NA	NA	15.000
20170527_114826	01940	135.00	150.00	180.000	4.262	139.364	136.285	10.120
20170527_114826	01940	135.00	150.00	59.400	-46.479	144.709	142.514	10.120
20170527_114826	01940	75.00	90.00	NA	NA	NA	NA	15.000
20170527_114826	01940	90.00	105.00	37.200	4.707	103.035	101.932	15.000
20170527_114826	01987	120.00	135.00	40.900	2.496	134.358	134.187	15.000
20170527_114826	01987	135.00	150.00	35.400	1.484	145.769	145.168	15.000
20170527_114826	01987	75.00	90.00	NA	NA	NA	NA	15.000
20170527_114826	01987	90.00	105.00	180.000	4.535	101.497	101.366	15.000
20170527_114826	01987	90.00	105.00	31.300	0.812	92.636	92.460	15.000
20170527_114826	01987	90.00	105.00	38.900	3.927	98.976	95.403	15.000
20170527_114826	01988	120.00	135.00	NA	NA	NA	NA	15.000
20170527_114826	01988	135.00	150.00	180.000	2.499	137.502	137.085	15.000
20170527_114826	01988	135.00	150.00	27.000	0.212	136.218	136.218	15.000
20170527_114826	01988	135.00	150.00	37.100	2.051	141.060	140.631	15.000
20170527_114826	01988	135.00	150.00	41.600	0.545	145.769	145.520	15.000
20170527_114826	01988	75.00	90.00	NA	NA	NA	NA	15.000
20170527_114826	01988	90.00	105.00	40.100	2.365	102.381	102.206	15.000
20170527_114826	01988	90.00	105.00	41.400	3.215	91.660	91.056	15.000
20170527_114826	01988	90.00	105.00	45.700	3.681	98.889	95.529	15.000
20170527_114826	01988	90.00	105.00	48.700	1.029	100.769	100.294	15.000
20170527_114826	01990	120.00	135.00	29.500	0.834	132.222	131.806	15.000
20170527_114826	01990	135.00	150.00	35.200	1.764	137.769	136.887	15.000
20170527_114826	01990	135.00	150.00	40.100	2.366	148.187	147.004	15.000
20170527_114826	01990	75.00	90.00	NA	NA	NA	NA	15.000
20170527_114826	01990	90.00	105.00	27.800	0.112	98.747	98.691	15.000
20170527_114826	01990	90.00	105.00	33.400	1.043	104.112	103.590	15.000
20170527_114826	01990	90.00	105.00	40.800	3.043	94.506	92.985	15.000
20170527_114826	01990	90.00	105.00	44.500	2.265	101.189	100.057	15.000
20170527_114826	02049	120.00	135.00	NA	NA	NA	NA	15.000
20170527_114826	02049	135.00	150.00	180.000	34.405	135.572	112.763	15.000
20170527_114826	02049	75.00	90.00	NA	NA	NA	NA	12.252
20170527_114826	02049	90.00	105.00	33.400	0.849	104.002	103.932	15.000
20170527_114826	02097	120.00	135.00	NA	NA	NA	NA	15.000
20170527_114826	02097	135.00	150.00	NA	NA	NA	NA	15.000
20170527_114826	02097	75.00	90.00	NA	NA	NA	NA	8.347
20170527_114826	02097	90.00	105.00	NA	NA	NA	NA	15.000
20170527_114826	02105	120.00	135.00	NA	NA	NA	NA	15.000
20170527_114826	02105	135.00	150.00	NA	NA	NA	NA	15.000
20170527_114826	02105	75.00	90.00	31.500	0.064	86.848	86.816	8.025
20170527_114826	02105	90.00	105.00	NA	NA	NA	NA	15.000
20170527_114826	02106	120.00	135.00	NA	NA	NA	NA	15.000
20170527_114826	02106	135.00	150.00	NA	NA	NA	NA	15.000
20170527_114826	02106	75.00	90.00	NA	NA	NA	NA	8.025
20170527_114826	02106	90.00	105.00	58.600	-74.327	93.210	170.521	15.000
20170527_114826	02123	120.00	135.00	28.700	0.996	120.348	119.924	15.000
20170527_114826	02123	120.00	135.00	31.900	0.800	127.304	127.200	15.000
20170527_114826	02123	135.00	150.00	180.000	2.991	139.994	137.952	15.000
20170527_114826	02123	135.00	150.00	29.600	0.677	145.199	145.116	15.000
20170527_114826	02123	135.00	150.00	32.500	0.335	136.138	136.074	15.000
20170527_114826	02123	75.00	90.00	NA	NA	NA	NA	5.778
20170527_114826	02123	90.00	105.00	180.000	4.163	103.677	102.752	15.000
20170527_114826	02123	90.00	105.00	33.800	0.661	100.439	100.186	15.000
20170527_114826	02123	90.00	105.00	39.500	2.438	95.380	95.319	15.000
20170527_114826	02132	120.00	135.00	45.400	0.982	130.292	129.537	15.000
20170527_114826	02132	120.00	135.00	71.400	6.611	120.921	119.494	15.000
20170527_114826	02132	120.00	135.00	81.000	1.879	127.708	126.751	15.000
20170527_114826	02132	135.00	150.00	180.000	3.238	137.502	135.930	15.000
20170527_114826	02132	135.00	150.00	27.600	0.058	143.440	143.435	15.000
20170527_114826	02132	135.00	150.00	32.300	0.475	135.004	134.813	15.000
20170527_114826	02132	135.00	150.00	62.300	3.042	147.825	146.915	15.000
20170527_114826	02132	75.00	90.00	46.600	0.664	89.557	88.965	4.223
20170527_114826	02132	90.00	105.00	180.000	1.307	103.195	102.734	15.000
20170527_114826	02132	90.00	105.00	31.300	0.109	90.452	90.422	15.000
20170527_114826	02132	90.00	105.00	33.400	0.460	91.338	91.270	15.000
20170527_114826	02132	90.00	105.00	43.700	0.782	94.267	94.228	15.000
20170527_114826	02140	120.00	135.00	64.400	3.897	120.759	120.395	15.000
20170527_114826	02140	120.00	135.00	73.600	15.981	125.257	124.985	15.000
20170527_114826	02140	135.00	150.00	180.000	-30.350	139.194	124.985	9.633
20170527_114826	02140	135.00	150.00	33.000	0.654	142.235	141.665	9.633
20170527_114826	02140	135.00	150.00	70.900	0.134	143.036	142.975	9.633
20170527_114826	02140	75.00	90.00	NA	NA	NA	NA	2.264
20170527_114826	02140	90.00	105.00	180.000	0.775	104.768	103.993	15.000
20170527_114826	02140	90.00	105.00	180.000	2.046	98.400	97.530	15.000
20170527_114826	02140	90.00	105.00	180.000	-8.045	104.768	104.768	15.000
20170527_114826	02140	90.00	105.00	39.400	1.511	93.698	93.125	15.000
20170527_114826	02140	90.00	105.00	41.600	1.272	95.951	95.451	15.000
20170527_114826	02141	120.00	135.00	NA	NA	NA	NA	15.000
20170527_114826	02141	135.00	150.00	31.800	0.707	140.487	140.113	15.000
20170527_114826	02141	75.00	90.00	NA	NA	NA	NA	2.264
20170527_114826	02141	90.00	105.00	180.000	2.490	93.210	91.379	15.000
20170527_114826	02141	90.00	105.00	42.500	0.352	96.986	96.151	15.000
20170527_114826	02153	120.00	135.00	38.600	1.560	123.995	123.950	15.000
20170527_114826	02153	135.00	150.00	180.000	5.134	139.435	137.408	15.000
20170527_114826	02153	75.00	90.00	NA	NA	NA	NA	0.685
20170527_114826	02153	90.00	105.00	NA	NA	NA	NA	15.000
20170527_114826	02155	120.00	135.00	NA	NA	NA	NA	15.000
20170527_114826	02155	135.00	150.00	180.000	6.663	142.319	141.559	15.000
20170527_114826	02155	135.00	150.00	39.300	2.722	138.706	138.220	15.000
20170527_114826	02155	75.00	90.00	NA	NA	NA	NA	0.281
20170527_114826	02155	90.00	105.00	52.300	2.286	96.824	96.555	15.000
20170527_114826	02155	90.00	105.00	73.800	3.391	94.821	92.472	15.000
20170527_114826	02215	120.00	135.00	NA	NA	NA	NA	15.000
20170527_114826	02215	135.00	150.00	180.000	3.024	146.621	144.670	15.000
20170527_114826	02215	135.00	150.00	180.000	3.229	137.426	136.601	15.000
20170527_114826	02215	90.00	105.00	27.200	0.163	101.013	101.010	8.014
20170527_114826	02215	90.00	105.00	30.500	0.497	102.060	101.962	8.014
20170527_114826	02248	120.00	135.00	NA	NA	NA	NA	15.000
20170527_114826	02248	135.00	150.00	32.100	1.155	142.953	142.376	15.000
20170527_114826	02248	135.00	150.00	32.700	1.471	137.937	137.201	15.000
20170527_114826	02248	135.00	150.00	33.800	1.344	140.147	139.475	15.000
20170527_114826	02248	90.00	105.00	NA	NA	NA	NA	1.965
20170527_114826	02294	120.00	135.00	NA	NA	NA	NA	15.000
20170527_114826	02294	135.00	150.00	NA	NA	NA	NA	15.000
20170527_114826	02296	120.00	135.00	NA	NA	NA	NA	15.000
20170527_114826	02296	135.00	150.00	180.000	7.860	145.120	139.597	15.000
20170527_114826	02297	120.00	135.00	NA	NA	NA	NA	15.000
20170527_114826	02297	135.00	150.00	36.000	1.373	149.866	149.180	15.000
20170527_114826	02297	135.00	150.00	46.600	3.931	142.759	140.793	15.000
20170527_114826	02303	120.00	135.00	NA	NA	NA	NA	15.000
20170527_114826	02303	135.00	150.00	31.600	0.305	137.623	137.471	15.000
20170527_114826	02303	135.00	150.00	40.800	1.075	141.028	140.491	15.000
20170527_114826	02303	135.00	150.00	41.200	1.338	143.521	142.852	15.000
20170527_114826	02304	120.00	135.00	52.800	0.357	126.891	126.602	15.000
20170527_114826	02304	135.00	150.00	180.000	1.916	144.964	144.075	15.000
20170527_114826	02304	135.00	150.00	27.000	0.156	138.623	138.623	15.000
20170527_114826	02304	135.00	150.00	67.900	2.644	141.672	139.898	15.000
20170527_114826	02323	120.00	135.00	NA	NA	NA	NA	15.000
20170527_114826	02323	135.00	150.00	180.000	7.971	148.059	141.585	15.000
20170527_114826	02323	135.00	150.00	37.100	2.081	137.661	136.252	15.000
20170527_114826	02327	120.00	135.00	35.800	0.911	131.713	131.257	15.000
20170527_114826	02327	135.00	150.00	37.700	0.676	136.592	136.254	2.584
20170527_114826	02334	120.00	135.00	29.600	0.611	128.888	128.844	15.000
20170527_114826	02334	135.00	150.00	180.000	2.158	136.608	135.970	15.000
20170527_114826	02334	135.00	150.00	32.600	1.175	149.091	148.798	15.000
20170527_114826	02334	135.00	150.00	46.500	4.877	140.902	138.839	15.000
20170527_114826	02353	120.00	135.00	NA	NA	NA	NA	15.000
20170527_114826	02353	135.00	150.00	180.000	5.591	146.621	146.160	15.000
20170527_114826	02353	135.00	150.00	29.600	0.695	139.364	138.860	15.000
20170527_114826	02353	135.00	150.00	46.000	0.842	137.584	136.972	15.000
20170527_114826	02354	120.00	135.00	NA	NA	NA	NA	15.000
20170527_114826	02354	135.00	150.00	NA	NA	NA	NA	8.036
20170527_114826	02364	120.00	135.00	NA	NA	NA	NA	15.000
20170527_114826	02364	135.00	150.00	27.500	0.137	143.412	143.344	15.000
20170527_114826	02364	135.00	150.00	27.700	0.281	145.817	145.676	15.000
20170527_114826	02364	135.00	150.00	29.200	0.042	142.493	142.472	15.000
20170527_114826	02385	120.00	135.00	28.900	0.367	125.514	125.502	15.000
20170527_114826	02385	120.00	135.00	29.700	0.813	132.583	132.496	15.000
20170527_114826	02385	120.00	135.00	32.200	0.690	129.298	129.245	15.000
20170527_114826	02385	135.00	150.00	180.000	1.252	146.390	146.144	15.000
20170527_114826	02385	135.00	150.00	180.000	4.505	138.706	135.939	15.000
20170527_114826	02386	120.00	135.00	NA	NA	NA	NA	15.000
20170527_114826	02386	135.00	150.00	NA	NA	NA	NA	15.000
20170527_114826	02401	120.00	135.00	180.000	14.261	125.348	121.292	15.000
20170527_114826	02401	135.00	150.00	180.000	3.181	137.738	136.233	15.000
20170527_114826	02401	135.00	150.00	61.500	0.275	149.416	149.356	15.000
20170527_114826	02402	120.00	135.00	180.000	9.387	121.501	120.784	15.000
20170527_114826	02402	135.00	150.00	180.000	21.206	136.768	130.946	15.000
20170527_114826	02413	120.00	135.00	NA	NA	NA	NA	15.000
20170527_114826	02413	135.00	150.00	NA	NA	NA	NA	15.000
20170527_114826	02417	120.00	135.00	NA	NA	NA	NA	15.000
20170527_114826	02417	135.00	150.00	29.000	0.123	136.694	136.632	4.834
20170527_114826	02424	120.00	135.00	NA	NA	NA	NA	10.371
20170527_114826	02427	120.00	135.00	40.200	0.496	126.932	126.684	15.000
20170527_114826	02427	120.00	135.00	54.800	0.107	125.840	125.786	15.000
20170527_114826	02427	135.00	150.00	39.500	2.718	140.059	138.699	15.000
20170527_114826	02427	135.00	150.00	40.900	0.792	135.609	135.213	15.000
20170527_114826	02428	120.00	135.00	180.000	0.475	127.304	126.902	13.384
20170527_114826	02428	120.00	135.00	180.000	1.387	130.048	129.987	13.384
20170527_114826	02428	120.00	135.00	37.400	0.655	133.056	132.482	13.384
20170527_114826	02428	120.00	135.00	45.400	0.115	124.160	124.111	13.384
20170527_114826	02428	120.00	135.00	74.700	0.586	125.681	125.164	13.384
20170527_114826	02430	120.00	135.00	NA	NA	NA	NA	15.000
20170527_114826	02430	135.00	150.00	NA	NA	NA	NA	15.000
20170527_114826	02433	120.00	135.00	NA	NA	NA	NA	15.000
20170527_114826	02433	135.00	150.00	180.000	1.666	137.342	136.540	15.000
20170527_114826	02433	135.00	150.00	180.000	4.235	141.597	139.129	15.000
20170527_114826	02449	120.00	135.00	NA	NA	NA	NA	13.661
20170527_114826	02449	135.00	150.00	NA	NA	NA	NA	15.000
20170527_114826	02461	120.00	135.00	NA	NA	NA	NA	11.498
20170527_114826	02461	135.00	150.00	180.000	8.174	141.672	136.053	15.000
20170527_114826	02461	135.00	150.00	34.100	0.863	148.525	148.219	15.000
20170527_114826	02464	120.00	135.00	NA	NA	NA	NA	10.670
20170527_114826	02464	135.00	150.00	NA	NA	NA	NA	15.000
20170527_114826	02468	120.00	135.00	108.300	2.680	125.166	124.827	10.257
20170527_114826	02468	120.00	135.00	32.600	0.077	130.550	130.528	10.257
20170527_114826	02468	120.00	135.00	42.700	0.118	132.174	132.118	10.257
20170527_114826	02468	120.00	135.00	77.000	0.128	133.553	133.491	10.257
20170527_114826	02468	135.00	150.00	180.000	12.244	140.407	136.993	15.000
20170527_114826	02468	135.00	150.00	32.300	0.315	136.138	135.890	15.000
20170527_114826	02471	120.00	135.00	NA	NA	NA	NA	10.007
20170527_114826	02471	135.00	150.00	180.000	5.579	142.150	141.445	15.000
20170527_114826	02471	135.00	150.00	45.800	4.120	139.914	136.608	15.000
20170527_114826	02477	120.00	135.00	NA	NA	NA	NA	9.401
20170527_114826	02477	135.00	150.00	180.000	2.893	138.064	137.083	15.000
20170527_114826	02477	135.00	150.00	27.700	0.061	148.685	148.676	15.000
20170527_114826	02477	135.00	150.00	32.800	0.302	135.978	135.797	15.000
20170527_114826	02477	135.00	150.00	34.200	0.891	149.735	149.558	15.000
20170527_114826	02477	135.00	150.00	38.000	1.708	142.319	140.927	15.000
20170527_114826	02478	120.00	135.00	NA	NA	NA	NA	9.401
20170527_114826	02478	135.00	150.00	35.700	0.533	148.450	148.184	15.000
20170527_114826	02478	135.00	150.00	41.400	2.642	144.029	142.708	15.000
20170527_114826	02480	120.00	135.00	30.800	0.077	134.844	134.826	9.319
20170527_114826	02480	120.00	135.00	32.000	0.893	129.709	129.648	9.319
20170527_114826	02480	135.00	150.00	27.000	0.051	136.376	136.376	15.000
20170527_114826	02480	135.00	150.00	32.500	1.623	139.110	137.539	15.000
20170527_114826	02487	120.00	135.00	27.200	0.138	132.015	132.010	8.192
20170527_114826	02487	135.00	150.00	180.000	11.970	147.585	138.435	15.000
20170527_114826	02487	135.00	150.00	44.100	2.974	136.448	133.870	15.000
20170527_114826	02512	120.00	135.00	NA	NA	NA	NA	4.952
20170527_114826	02512	135.00	150.00	28.300	1.343	136.890	136.218	15.000
20170527_114826	02512	135.00	150.00	35.400	0.108	142.726	142.672	15.000
20170527_114826	02539	120.00	135.00	NA	NA	NA	NA	1.863
20170527_114826	02539	135.00	150.00	NA	NA	NA	NA	15.000
20170527_114826	02606	135.00	150.00	NA	NA	NA	NA	9.923
20170527_114826	02645	135.00	150.00	NA	NA	NA	NA	5.682
20170527_114826	02661	135.00	150.00	NA	NA	NA	NA	3.917
20170527_120034	00141	30.00	45.00	180.000	14.874	32.369	31.706	15.000
20170527_120034	00141	45.00	60.00	34.000	0.145	47.286	47.271	4.979
20170527_120034	00141	45.00	60.00	70.400	-39.401	49.774	48.805	4.979
20170527_120034	00227	30.00	45.00	NA	NA	NA	NA	15.000
20170527_120034	00227	45.00	60.00	NA	NA	NA	NA	15.000
20170527_120034	00227	75.00	90.00	NA	NA	NA	NA	8.275
20170527_120034	00230	30.00	45.00	NA	NA	NA	NA	12.587
20170527_120034	00302	30.00	45.00	29.300	0.291	35.762	35.499	15.000
20170527_120034	00302	30.00	45.00	34.400	1.829	32.151	31.829	15.000
20170527_120034	00302	45.00	60.00	28.700	0.212	53.224	53.220	15.000
20170527_120034	00302	45.00	60.00	36.500	2.077	58.006	57.669	15.000
20170527_120034	00302	45.00	60.00	37.500	2.004	55.360	54.715	15.000
20170527_120034	00302	45.00	60.00	37.900	2.315	51.016	50.059	15.000
20170527_120034	00302	45.00	60.00	44.800	3.115	46.621	45.664	15.000
20170527_120034	00302	75.00	90.00	NA	NA	NA	NA	2.798
20170527_120034	00327	30.00	45.00	NA	NA	NA	NA	15.000
20170527_120034	00327	45.00	60.00	NA	NA	NA	NA	11.281
20170527_120034	00332	120.00	135.00	NA	NA	NA	NA	15.000
20170527_120034	00332	135.00	150.00	180.000	-34.533	137.704	133.862	15.000
20170527_120034	00332	135.00	150.00	180.000	-92.880	135.521	133.862	15.000
20170527_120034	00332	135.00	150.00	27.300	0.056	149.186	149.185	15.000
20170527_120034	00332	135.00	150.00	30.600	0.919	145.216	145.208	15.000
20170527_120034	00332	135.00	150.00	69.200	7.583	135.521	133.862	15.000
20170527_120034	00332	30.00	45.00	44.500	0.170	39.128	38.987	15.000
20170527_120034	00332	30.00	45.00	76.800	0.710	40.298	40.272	15.000
20170527_120034	00332	45.00	60.00	180.000	6.327	46.104	43.115	15.000
20170527_120034	00332	75.00	90.00	47.600	2.874	84.848	84.609	15.000
20170527_120034	00332	90.00	105.00	180.000	2.294	102.033	101.112	15.000
20170527_120034	00332	90.00	105.00	180.000	8.753	95.851	90.576	15.000
20170527_120034	00333	120.00	135.00	NA	NA	NA	NA	15.000
20170527_120034	00333	135.00	150.00	180.000	3.714	140.023	137.644	15.000
20170527_120034	00333	135.00	150.00	53.500	8.282	149.040	142.227	15.000
20170527_120034	00333	30.00	45.00	28.000	0.036	32.554	32.551	15.000
20170527_120034	00333	30.00	45.00	42.700	0.277	34.261	34.020	15.000
20170527_120034	00333	45.00	60.00	27.500	0.026	50.283	50.282	15.000
20170527_120034	00333	45.00	60.00	40.000	5.374	57.030	53.701	15.000
20170527_120034	00333	45.00	60.00	55.300	1.967	47.578	46.888	15.000
20170527_120034	00333	75.00	90.00	NA	NA	NA	NA	15.000
20170527_120034	00333	90.00	105.00	180.000	3.791	100.404	100.138	15.000
20170527_120034	00359	30.00	45.00	32.600	0.053	39.701	39.679	15.000
20170527_120034	00359	30.00	45.00	36.200	0.326	40.773	40.475	15.000
20170527_120034	00359	30.00	45.00	46.000	1.411	44.408	43.034	15.000
20170527_120034	00359	45.00	60.00	180.000	2.787	45.554	45.482	15.000
20170527_120034	00359	45.00	60.00	39.600	0.457	49.000	48.984	15.000
20170527_120034	00359	45.00	60.00	44.100	0.850	50.540	50.521	15.000
20170527_120034	00359	75.00	90.00	NA	NA	NA	NA	14.702
20170527_120034	00377	120.00	135.00	NA	NA	NA	NA	15.000
20170527_120034	00377	135.00	150.00	31.200	0.072	136.639	136.628	15.000
20170527_120034	00377	135.00	150.00	31.200	1.034	146.206	145.890	15.000
20170527_120034	00377	135.00	150.00	43.100	1.615	141.759	140.936	15.000
20170527_120034	00377	30.00	45.00	NA	NA	NA	NA	15.000
20170527_120034	00377	45.00	60.00	30.500	1.559	53.895	53.856	15.000
20170527_120034	00377	45.00	60.00	31.700	0.571	47.175	47.148	15.000
20170527_120034	00377	45.00	60.00	32.800	0.771	50.395	50.339	15.000
20170527_120034	00377	75.00	90.00	NA	NA	NA	NA	15.000
20170527_120034	00377	90.00	105.00	180.000	4.881	102.778	100.099	15.000
20170527_120034	00377	90.00	105.00	33.500	0.440	93.995	93.747	15.000
20170527_120034	00377	90.00	105.00	41.300	4.651	97.606	95.223	15.000
20170527_120034	00378	30.00	45.00	NA	NA	NA	NA	15.000
20170527_120034	00378	45.00	60.00	180.000	10.166	49.862	46.659	15.000
20170527_120034	00404	120.00	135.00	NA	NA	NA	NA	15.000
20170527_120034	00404	135.00	150.00	180.000	-40.176	139.192	138.269	15.000
20170527_120034	00404	135.00	150.00	180.000	-40.176	140.429	138.269	15.000
20170527_120034	00404	135.00	150.00	28.000	0.028	148.162	148.160	15.000
20170527_120034	00404	135.00	150.00	28.700	0.353	147.230	146.897	15.000
20170527_120034	00404	135.00	150.00	34.800	0.370	136.451	136.168	15.000
20170527_120034	00404	135.00	150.00	40.500	0.210	143.723	143.698	15.000
20170527_120034	00404	135.00	150.00	44.600	0.095	146.169	146.137	15.000
20170527_120034	00404	135.00	150.00	63.600	4.134	140.792	138.269	15.000
20170527_120034	00404	30.00	45.00	NA	NA	NA	NA	15.000
20170527_120034	00404	45.00	60.00	NA	NA	NA	NA	15.000
20170527_120034	00404	75.00	90.00	37.000	1.935	76.228	75.946	15.000
20170527_120034	00404	90.00	105.00	30.800	0.168	92.910	92.889	15.000
20170527_120034	00404	90.00	105.00	39.400	0.461	104.360	103.929	15.000
20170527_120034	00404	90.00	105.00	43.300	3.975	96.777	94.118	15.000
20170527_120034	00404	90.00	105.00	45.500	1.764	101.991	101.127	15.000
20170527_120034	00405	30.00	45.00	180.000	11.227	43.970	41.939	15.000
20170527_120034	00405	30.00	45.00	41.000	3.545	30.564	30.274	15.000
20170527_120034	00405	30.00	45.00	42.900	0.080	37.957	37.919	15.000
20170527_120034	00405	30.00	45.00	43.900	2.176	39.286	38.668	15.000
20170527_120034	00405	45.00	60.00	41.400	0.891	55.540	55.354	15.000
20170527_120034	00405	75.00	90.00	34.400	0.379	77.582	77.246	2.762
20170527_120034	00436	120.00	135.00	180.000	25.576	123.521	117.009	15.000
20170527_120034	00436	135.00	150.00	NA	NA	NA	NA	15.000
20170527_120034	00436	30.00	45.00	28.200	0.037	39.919	39.914	15.000
20170527_120034	00436	30.00	45.00	30.900	0.052	36.483	36.470	15.000
20170527_120034	00436	30.00	45.00	36.500	0.210	37.347	37.160	15.000
20170527_120034	00436	45.00	60.00	44.600	4.269	50.869	49.835	15.000
20170527_120034	00436	45.00	60.00	73.900	3.559	46.175	45.459	15.000
20170527_120034	00436	75.00	90.00	NA	NA	NA	NA	15.000
20170527_120034	00436	90.00	105.00	180.000	18.700	91.948	79.089	15.000
20170527_120034	00436	90.00	105.00	27.200	0.030	98.653	98.652	15.000
20170527_120034	00437	120.00	135.00	27.100	0.023	130.645	130.634	15.000
20170527_120034	00437	120.00	135.00	28.400	0.047	120.495	120.471	15.000
20170527_120034	00437	120.00	135.00	31.300	0.245	124.091	123.969	15.000
20170527_120034	00437	135.00	150.00	30.400	0.307	137.224	137.071	15.000
20170527_120034	00437	135.00	150.00	33.900	0.105	135.372	135.320	15.000
20170527_120034	00437	30.00	45.00	NA	NA	NA	NA	15.000
20170527_120034	00437	45.00	60.00	28.200	0.378	53.223	53.034	15.000
20170527_120034	00437	45.00	60.00	37.600	0.439	45.941	45.722	15.000
20170527_120034	00437	45.00	60.00	55.900	6.667	59.501	56.167	15.000
20170527_120034	00437	75.00	90.00	37.200	1.657	75.686	74.857	15.000
20170527_120034	00437	90.00	105.00	28.600	0.040	96.827	96.807	15.000
20170527_120034	00437	90.00	105.00	42.600	1.148	95.429	94.855	15.000
20170527_120034	00437	90.00	105.00	48.400	2.265	98.653	97.520	15.000
20170527_120034	00458	30.00	45.00	180.000	6.067	44.335	42.734	15.000
20170527_120034	00458	30.00	45.00	28.500	0.221	39.701	39.539	15.000
20170527_120034	00458	30.00	45.00	36.500	3.629	36.610	33.854	15.000
20170527_120034	00458	30.00	45.00	41.100	0.083	41.518	41.487	15.000
20170527_120034	00458	45.00	60.00	NA	NA	NA	NA	15.000
20170527_120034	00458	75.00	90.00	NA	NA	NA	NA	15.000
20170527_120034	00458	90.00	105.00	NA	NA	NA	NA	3.313
20170527_120034	00460	30.00	45.00	NA	NA	NA	NA	15.000
20170527_120034	00460	45.00	60.00	180.000	4.744	55.360	53.708	15.000
20170527_120034	00460	45.00	60.00	180.000	4.801	50.982	47.827	15.000
20170527_120034	00460	45.00	60.00	36.800	0.390	46.714	46.505	15.000
20170527_120034	00460	75.00	90.00	28.500	0.038	78.690	78.686	15.000
20170527_120034	00460	75.00	90.00	29.100	0.812	88.457	88.343	15.000
20170527_120034	00460	75.00	90.00	69.700	3.671	76.275	74.280	15.000
20170527_120034	00460	90.00	105.00	38.800	0.472	90.799	90.405	3.313
20170527_120034	00460	90.00	105.00	41.800	1.336	92.953	91.902	3.313
20170527_120034	00506	120.00	135.00	29.100	0.112	131.838	131.770	15.000
20170527_120034	00506	120.00	135.00	29.500	0.039	129.016	129.010	15.000
20170527_120034	00506	120.00	135.00	32.100	0.399	133.813	133.792	15.000
20170527_120034	00506	120.00	135.00	36.600	0.636	130.195	130.178	15.000
20170527_120034	00506	135.00	150.00	180.000	21.521	149.419	143.097	15.000
20170527_120034	00506	135.00	150.00	29.800	0.091	142.432	142.388	15.000
20170527_120034	00506	135.00	150.00	31.900	0.143	135.788	135.702	15.000
20170527_120034	00506	135.00	150.00	33.500	1.664	138.022	137.100	15.000
20170527_120034	00506	135.00	150.00	40.300	1.004	139.822	139.779	15.000
20170527_120034	00506	30.00	45.00	29.100	0.223	36.434	36.415	13.631
20170527_120034	00506	30.00	45.00	34.700	1.302	39.003	38.342	13.631
20170527_120034	00506	45.00	60.00	45.500	1.518	55.683	55.097	15.000
20170527_120034	00506	45.00	60.00	51.200	5.240	47.650	46.291	15.000
20170527_120034	00506	75.00	90.00	NA	NA	NA	NA	15.000
20170527_120034	00506	90.00	105.00	33.200	0.790	100.080	100.051	15.000
20170527_120034	00506	90.00	105.00	40.700	2.890	93.507	91.270	15.000
20170527_120034	00506	90.00	105.00	43.800	0.756	95.313	94.921	15.000
20170527_120034	00572	30.00	45.00	100.300	1.835	34.932	34.586	10.434
20170527_120034	00572	30.00	45.00	37.500	0.156	38.189	38.071	10.434
20170527_120034	00572	30.00	45.00	45.000	2.619	40.990	39.950	10.434
20170527_120034	00572	45.00	60.00	180.000	1.151	46.785	46.161	15.000
20170527_120034	00572	75.00	90.00	NA	NA	NA	NA	1.818
20170527_120034	00574	120.00	135.00	NA	NA	NA	NA	15.000
20170527_120034	00574	135.00	150.00	29.000	0.149	140.642	140.633	15.000
20170527_120034	00574	135.00	150.00	43.800	0.893	141.613	141.510	15.000
20170527_120034	00574	135.00	150.00	47.200	5.940	147.112	143.505	15.000
20170527_120034	00574	30.00	45.00	NA	NA	NA	NA	10.312
20170527_120034	00574	45.00	60.00	27.500	0.084	48.519	48.498	15.000
20170527_120034	00574	45.00	60.00	51.900	4.884	55.613	52.826	15.000
20170527_120034	00574	75.00	90.00	NA	NA	NA	NA	15.000
20170527_120034	00574	90.00	105.00	180.000	6.970	102.399	100.810	15.000
20170527_120034	00574	90.00	105.00	42.000	2.771	92.762	90.689	15.000
20170527_120034	00574	90.00	105.00	46.600	3.081	97.484	95.203	15.000
20170527_120034	00577	30.00	45.00	NA	NA	NA	NA	9.591
20170527_120034	00577	45.00	60.00	180.000	12.061	54.663	49.064	15.000
20170527_120034	00603	30.00	45.00	33.000	1.056	43.868	43.340	6.690
20170527_120034	00603	45.00	60.00	27.400	0.062	48.764	48.733	15.000
20170527_120034	00603	45.00	60.00	40.900	2.100	46.996	45.946	15.000
20170527_120034	00603	75.00	90.00	NA	NA	NA	NA	2.250
20170527_120034	00617	120.00	135.00	27.600	0.091	129.878	129.875	15.000
20170527_120034	00617	120.00	135.00	29.200	0.240	134.942	134.933	15.000
20170527_120034	00617	120.00	135.00	30.900	0.704	133.512	133.486	15.000
20170527_120034	00617	135.00	150.00	27.600	0.508	138.022	138.016	15.000
20170527_120034	00617	135.00	150.00	28.300	0.034	146.314	146.310	15.000
20170527_120034	00617	135.00	150.00	28.800	0.079	144.511	144.505	15.000
20170527_120034	00617	135.00	150.00	28.900	0.502	139.267	139.255	15.000
20170527_120034	00617	135.00	150.00	29.000	0.077	137.181	137.177	15.000
20170527_120034	00617	30.00	45.00	NA	NA	NA	NA	3.653
20170527_120034	00617	45.00	60.00	47.600	2.898	55.249	52.565	15.000
20170527_120034	00617	45.00	60.00	69.800	3.261	57.141	56.427	15.000
20170527_120034	00617	75.00	90.00	33.600	2.020	89.361	88.301	15.000
20170527_120034	00617	90.00	105.00	29.700	0.085	100.045	100.031	15.000
20170527_120034	00617	90.00	105.00	33.200	0.635	92.397	92.383	15.000
20170527_120034	00617	90.00	105.00	37.600	1.244	95.092	94.699	15.000
20170527_120034	00617	90.00	105.00	39.200	2.652	104.360	103.821	15.000
20170527_120034	00617	90.00	105.00	41.500	1.643	101.461	101.221	15.000
20170527_120034	00619	30.00	45.00	NA	NA	NA	NA	3.613
20170527_120034	00619	45.00	60.00	28.000	0.147	46.280	46.207	15.000
20170527_120034	00619	45.00	60.00	44.400	3.224	53.512	51.899	15.000
20170527_120034	00619	45.00	60.00	45.400	2.235	49.707	48.589	15.000
20170527_120034	00655	120.00	135.00	NA	NA	NA	NA	14.242
20170527_120034	00655	30.00	45.00	NA	NA	NA	NA	1.718
20170527_120034	00655	45.00	60.00	41.700	2.451	55.499	54.142	15.000
20170527_120034	00655	75.00	90.00	27.000	0.033	84.259	84.259	15.000
20170527_120034	00655	90.00	105.00	180.000	6.417	95.380	93.344	15.000
20170527_120034	00655	90.00	105.00	62.100	0.634	92.213	91.795	15.000
20170527_120034	00671	120.00	135.00	NA	NA	NA	NA	11.780
20170527_120034	00671	30.00	45.00	NA	NA	NA	NA	0.033
20170527_120034	00671	45.00	60.00	180.000	5.763	52.570	48.885	15.000
20170527_120034	00671	75.00	90.00	NA	NA	NA	NA	15.000
20170527_120034	00671	90.00	105.00	30.900	0.247	91.055	90.834	15.000
20170527_120034	00671	90.00	105.00	41.200	0.961	92.317	92.228	15.000
20170527_120034	00672	120.00	135.00	180.000	0.572	129.560	129.525	15.000
20170527_120034	00672	120.00	135.00	180.000	1.324	131.145	130.802	15.000
20170527_120034	00672	120.00	135.00	180.000	2.995	121.788	120.580	15.000
20170527_120034	00672	120.00	135.00	60.100	0.104	124.768	124.735	15.000
20170527_120034	00672	120.00	135.00	70.600	0.813	127.290	126.504	15.000
20170527_120034	00672	135.00	150.00	180.000	2.510	135.185	133.052	15.000
20170527_120034	00672	135.00	150.00	180.000	-73.426	135.939	135.562	15.000
20170527_120034	00672	135.00	150.00	180.000	-75.857	143.482	137.994	15.000
20170527_120034	00672	135.00	150.00	57.200	2.980	147.924	146.843	15.000
20170527_120034	00672	135.00	150.00	67.100	8.168	138.022	137.994	15.000
20170527_120034	00672	30.00	45.00	NA	NA	NA	NA	0.033
20170527_120034	00672	45.00	60.00	34.900	0.435	51.128	50.917	15.000
20170527_120034	00672	75.00	90.00	NA	NA	NA	NA	15.000
20170527_120034	00672	90.00	105.00	37.100	1.665	90.984	90.262	15.000
20170527_120034	00672	90.00	105.00	52.100	5.656	93.043	92.579	15.000
20170527_120034	00683	120.00	135.00	NA	NA	NA	NA	15.000
20170527_120034	00683	135.00	150.00	37.800	0.686	142.117	142.067	15.000
20170527_120034	00683	135.00	150.00	39.100	0.441	137.631	137.244	15.000
20170527_120034	00683	135.00	150.00	39.100	2.889	145.564	144.470	15.000
20170527_120034	00683	45.00	60.00	27.000	0.038	52.995	52.995	14.578
20170527_120034	00683	45.00	60.00	28.300	0.041	51.726	51.718	14.578
20170527_120034	00683	45.00	60.00	32.200	0.792	55.726	55.563	14.578
20170527_120034	00683	75.00	90.00	27.100	0.023	86.044	86.044	15.000
20170527_120034	00683	90.00	105.00	28.700	0.038	102.106	102.100	15.000
20170527_120034	00683	90.00	105.00	32.100	0.364	100.117	100.101	15.000
20170527_120034	00683	90.00	105.00	34.800	0.967	93.110	92.178	15.000
20170527_120034	00683	90.00	105.00	39.300	2.628	97.861	97.281	15.000
20170527_120034	00684	120.00	135.00	NA	NA	NA	NA	15.000
20170527_120034	00684	135.00	150.00	NA	NA	NA	NA	15.000
20170527_120034	00684	45.00	60.00	NA	NA	NA	NA	14.578
20170527_120034	00684	75.00	90.00	NA	NA	NA	NA	15.000
20170527_120034	00684	90.00	105.00	NA	NA	NA	NA	15.000
20170527_120034	00784	45.00	60.00	34.000	1.748	57.002	56.128	5.227
20170527_120034	00784	75.00	90.00	34.700	1.101	75.078	74.527	15.000
20170527_120034	00784	90.00	105.00	34.100	0.353	91.894	91.717	15.000
20170527_120034	00785	45.00	60.00	NA	NA	NA	NA	5.227
20170527_120034	00785	75.00	90.00	NA	NA	NA	NA	5.167
20170527_120034	00863	120.00	135.00	NA	NA	NA	NA	12.814
20170527_120034	00863	75.00	90.00	NA	NA	NA	NA	15.000
20170527_120034	00863	90.00	105.00	NA	NA	NA	NA	15.000
20170527_120034	00864	75.00	90.00	NA	NA	NA	NA	15.000
20170527_120034	00864	90.00	105.00	180.000	8.643	92.727	86.699	15.000
20170527_120034	00864	90.00	105.00	28.200	0.198	104.131	104.001	15.000
20170527_120034	00864	90.00	105.00	31.900	0.336	102.325	102.257	15.000
20170527_120034	00898	120.00	135.00	29.000	0.042	132.763	132.758	15.000
20170527_120034	00898	135.00	150.00	180.000	2.579	149.954	149.492	15.000
20170527_120034	00898	135.00	150.00	36.200	1.782	141.136	140.479	15.000
20170527_120034	00898	135.00	150.00	39.900	1.007	136.105	135.702	15.000
20170527_120034	00898	75.00	90.00	NA	NA	NA	NA	15.000
20170527_120034	00898	90.00	105.00	180.000	5.543	102.242	101.226	15.000
20170527_120034	00898	90.00	105.00	28.200	0.263	100.228	100.213	15.000
20170527_120034	00925	120.00	135.00	30.400	0.928	133.630	133.512	15.000
20170527_120034	00925	135.00	150.00	180.000	7.048	139.662	135.319	15.000
20170527_120034	00925	75.00	90.00	28.500	0.407	88.308	88.237	15.000
20170527_120034	00925	75.00	90.00	33.200	0.290	78.360	78.209	15.000
20170527_120034	00925	90.00	105.00	29.300	0.042	100.117	100.106	15.000
20170527_120034	00925	90.00	105.00	32.000	0.930	92.069	91.860	15.000
20170527_120034	00925	90.00	105.00	33.700	1.240	96.058	96.041	15.000
20170527_120034	00925	90.00	105.00	35.500	0.781	103.290	103.097	15.000
20170527_120034	00964	75.00	90.00	NA	NA	NA	NA	15.000
20170527_120034	00964	90.00	105.00	30.300	1.476	100.852	100.715	15.000
20170527_120034	00964	90.00	105.00	31.000	0.928	92.910	92.494	15.000
20170527_120034	00969	120.00	135.00	29.500	0.044	120.800	120.794	15.000
20170527_120034	00969	120.00	135.00	37.600	5.019	133.136	128.967	15.000
20170527_120034	00969	120.00	135.00	50.200	4.320	124.535	121.861	15.000
20170527_120034	00969	135.00	150.00	32.900	0.271	137.668	137.636	12.451
20170527_120034	00969	135.00	150.00	59.800	1.663	141.402	140.701	12.451
20170527_120034	00969	75.00	90.00	30.100	0.880	88.201	88.048	15.000
20170527_120034	00969	90.00	105.00	180.000	5.101	102.485	101.450	15.000
20170527_120034	00969	90.00	105.00	28.300	0.063	91.275	91.268	15.000
20170527_120034	00969	90.00	105.00	29.600	0.562	92.507	92.351	15.000
20170527_120034	00969	90.00	105.00	31.000	0.979	96.447	95.640	15.000
20170527_120034	00969	90.00	105.00	36.000	0.723	99.313	98.922	15.000
20170527_120034	00970	75.00	90.00	27.100	0.029	83.080	83.076	15.000
20170527_120034	00970	90.00	105.00	180.000	4.422	95.423	93.944	15.000
20170527_120034	00970	90.00	105.00	34.400	1.067	100.265	100.022	15.000
20170527_120034	00970	90.00	105.00	37.500	0.230	92.953	92.921	15.000
20170527_120034	00975	120.00	135.00	NA	NA	NA	NA	15.000
20170527_120034	00975	135.00	150.00	NA	NA	NA	NA	15.000
20170527_120034	00975	75.00	90.00	NA	NA	NA	NA	15.000
20170527_120034	00975	90.00	105.00	NA	NA	NA	NA	15.000
20170527_120034	00980	120.00	135.00	NA	NA	NA	NA	15.000
20170527_120034	00980	135.00	150.00	NA	NA	NA	NA	1.686
20170527_120034	00980	75.00	90.00	NA	NA	NA	NA	15.000
20170527_120034	00980	90.00	105.00	NA	NA	NA	NA	15.000
20170527_120034	00981	120.00	135.00	NA	NA	NA	NA	15.000
20170527_120034	00981	135.00	150.00	NA	NA	NA	NA	1.686
20170527_120034	00981	75.00	90.00	NA	NA	NA	NA	15.000
20170527_120034	00981	90.00	105.00	NA	NA	NA	NA	15.000
20170527_120034	01022	120.00	135.00	NA	NA	NA	NA	15.000
20170527_120034	01022	135.00	150.00	180.000	7.566	141.136	137.784	15.000
20170527_120034	01022	135.00	150.00	36.300	0.345	136.371	136.249	15.000
20170527_120034	01022	75.00	90.00	NA	NA	NA	NA	10.980
20170527_120034	01022	90.00	105.00	30.600	0.388	97.897	97.704	15.000
20170527_120034	01022	90.00	105.00	53.800	8.640	104.241	100.512	15.000
20170527_120034	01023	120.00	135.00	NA	NA	NA	NA	15.000
20170527_120034	01023	135.00	150.00	NA	NA	NA	NA	10.664
20170527_120034	01023	75.00	90.00	NA	NA	NA	NA	10.980
20170527_120034	01023	90.00	105.00	NA	NA	NA	NA	15.000
20170527_120034	01042	120.00	135.00	NA	NA	NA	NA	12.814
20170527_120034	01042	75.00	90.00	NA	NA	NA	NA	9.684
20170527_120034	01042	90.00	105.00	180.000	4.574	104.838	102.797	15.000
20170527_120034	01042	90.00	105.00	28.000	0.130	99.068	99.061	15.000
20170527_120034	01042	90.00	105.00	28.200	0.058	92.507	92.501	15.000
20170527_120034	01042	90.00	105.00	36.600	0.740	97.897	97.398	15.000
20170527_120034	01043	120.00	135.00	33.200	0.921	120.364	119.904	15.000
20170527_120034	01043	135.00	150.00	27.200	0.039	144.247	144.227	15.000
20170527_120034	01043	135.00	150.00	35.100	1.360	140.816	140.135	15.000
20170527_120034	01043	135.00	150.00	36.900	1.596	145.656	144.858	15.000
20170527_120034	01043	135.00	150.00	39.300	1.391	138.470	137.774	15.000
20170527_120034	01043	75.00	90.00	31.200	0.362	83.841	83.661	9.684
20170527_120034	01043	90.00	105.00	35.500	1.329	95.248	94.583	15.000
20170527_120034	01043	90.00	105.00	38.000	0.830	92.062	91.647	15.000
20170527_120034	01043	90.00	105.00	41.000	1.256	102.944	102.316	15.000
20170527_120034	01052	120.00	135.00	NA	NA	NA	NA	15.000
20170527_120034	01052	135.00	150.00	NA	NA	NA	NA	15.000
20170527_120034	01052	75.00	90.00	NA	NA	NA	NA	8.323
20170527_120034	01052	90.00	105.00	NA	NA	NA	NA	15.000
20170527_120034	01078	120.00	135.00	NA	NA	NA	NA	15.000
20170527_120034	01078	135.00	150.00	180.000	1.300	144.268	144.165	15.000
20170527_120034	01078	135.00	150.00	27.300	0.081	146.900	146.899	15.000
20170527_120034	01078	135.00	150.00	28.300	0.288	136.950	136.946	15.000
20170527_120034	01078	135.00	150.00	36.200	1.276	139.759	138.851	15.000
20170527_120034	01078	135.00	150.00	65.000	1.421	141.043	140.848	15.000
20170527_120034	01078	75.00	90.00	NA	NA	NA	NA	4.409
20170527_120034	01078	90.00	105.00	NA	NA	NA	NA	15.000
20170527_120034	01143	120.00	135.00	27.600	0.316	134.568	134.410	15.000
20170527_120034	01143	135.00	150.00	28.000	0.038	138.523	138.504	15.000
20170527_120034	01143	135.00	150.00	37.600	0.695	139.842	139.494	15.000
20170527_120034	01143	90.00	105.00	NA	NA	NA	NA	8.745
20170527_120034	01144	90.00	105.00	NA	NA	NA	NA	8.745
20170527_120034	01146	120.00	135.00	29.400	0.139	120.728	120.718	15.000
20170527_120034	01146	120.00	135.00	29.800	0.559	127.394	127.368	15.000
20170527_120034	01146	120.00	135.00	29.900	0.203	123.216	123.195	15.000
20170527_120034	01146	135.00	150.00	180.000	1.226	143.107	142.900	15.000
20170527_120034	01146	135.00	150.00	180.000	1.425	141.043	140.538	15.000
20170527_120034	01146	135.00	150.00	180.000	2.675	137.912	135.928	15.000
20170527_120034	01146	135.00	150.00	28.700	0.052	139.706	139.699	15.000
20170527_120034	01146	90.00	105.00	36.400	2.230	103.132	102.973	7.554
20170527_120034	01147	120.00	135.00	NA	NA	NA	NA	4.719
20170527_120034	01147	90.00	105.00	NA	NA	NA	NA	7.554
20170527_120034	01166	120.00	135.00	35.100	0.803	132.259	131.858	15.000
20170527_120034	01166	135.00	150.00	52.500	7.896	137.587	133.639	15.000
20170527_120034	01166	90.00	105.00	60.100	4.247	104.922	102.799	5.029
20170527_120034	01208	120.00	135.00	NA	NA	NA	NA	15.000
20170527_120034	01208	135.00	150.00	180.000	1.523	141.844	141.547	15.000
20170527_120034	01208	135.00	150.00	29.200	0.377	137.668	137.474	15.000
20170527_120034	01208	135.00	150.00	39.700	0.855	139.267	139.033	15.000
20170527_120034	01208	135.00	150.00	44.700	1.973	148.752	147.749	15.000
20170527_120034	01216	120.00	135.00	27.500	0.768	123.060	123.059	15.000
20170527_120034	01216	135.00	150.00	180.000	2.883	145.859	144.020	12.451
20170527_120034	01216	135.00	150.00	180.000	4.025	138.131	136.392	12.451
20170527_120034	01226	120.00	135.00	NA	NA	NA	NA	12.224
20170527_120034	01229	120.00	135.00	NA	NA	NA	NA	6.659
20170527_120034	01231	120.00	135.00	NA	NA	NA	NA	15.000
20170527_120034	01231	135.00	150.00	180.000	6.824	149.652	145.927	15.000
20170527_120034	01231	135.00	150.00	38.100	2.107	141.903	140.492	15.000
20170527_120034	01234	120.00	135.00	NA	NA	NA	NA	15.000
20170527_120034	01234	135.00	150.00	30.400	0.656	140.077	139.749	15.000
20170527_120034	01234	135.00	150.00	37.700	1.130	146.806	146.241	15.000
20170527_120034	01234	135.00	150.00	40.400	1.098	143.883	143.334	15.000
20170527_120034	01235	120.00	135.00	NA	NA	NA	NA	15.000
20170527_120034	01235	135.00	150.00	28.400	0.062	146.303	146.272	15.000
20170527_120034	01235	135.00	150.00	31.800	0.177	137.771	137.682	15.000
20170527_120034	01235	135.00	150.00	37.900	2.401	148.609	147.409	15.000
20170527_120034	01279	120.00	135.00	32.400	1.162	125.571	125.126	15.000
20170527_120034	01279	120.00	135.00	38.800	1.421	129.513	129.188	15.000
20170527_120034	01279	135.00	150.00	180.000	4.765	145.437	143.049	15.000
20170527_120034	01279	135.00	150.00	29.200	0.106	140.689	140.666	15.000
20170527_120034	01279	135.00	150.00	40.400	1.624	137.830	136.632	15.000
20170527_120034	01279	135.00	150.00	48.600	0.808	139.389	138.955	15.000
20170527_120034	01280	120.00	135.00	NA	NA	NA	NA	14.242
20170527_120034	01286	120.00	135.00	28.300	0.060	125.690	125.660	15.000
20170527_120034	01286	120.00	135.00	32.600	0.543	133.820	133.549	15.000
20170527_120034	01286	120.00	135.00	33.100	0.473	129.548	129.311	15.000
20170527_120034	01286	120.00	135.00	33.800	0.078	127.561	127.522	15.000
20170527_120034	01286	120.00	135.00	34.000	1.478	131.559	130.820	15.000
20170527_120034	01286	120.00	135.00	38.200	0.914	124.370	123.913	15.000
20170527_120034	01286	135.00	150.00	28.700	0.477	140.426	140.187	9.667
20170527_120034	01286	135.00	150.00	43.300	1.125	143.003	142.441	9.667
20170527_120034	01286	135.00	150.00	45.500	1.608	135.741	134.938	9.667
20170527_120034	01294	120.00	135.00	NA	NA	NA	NA	15.000
20170527_120034	01294	135.00	150.00	30.400	0.850	137.712	137.287	10.564
20170527_120034	01294	135.00	150.00	37.300	0.372	143.026	142.840	10.564
20170527_120034	01298	120.00	135.00	38.400	2.085	124.098	123.056	14.942
20170527_120034	01298	135.00	150.00	27.800	0.160	145.584	145.504	15.000
20170527_120034	01298	135.00	150.00	32.900	0.455	144.028	143.800	15.000
20170527_120034	01332	120.00	135.00	NA	NA	NA	NA	8.898
20170527_120034	01335	120.00	135.00	NA	NA	NA	NA	10.795
20170527_120034	01340	120.00	135.00	NA	NA	NA	NA	9.855
20170527_120034	01340	135.00	150.00	NA	NA	NA	NA	15.000
20170527_120034	01374	120.00	135.00	41.800	3.412	133.474	133.123	7.119
20170527_120034	01374	135.00	150.00	37.100	0.463	137.558	137.264	15.000
20170527_120034	01374	135.00	150.00	44.500	1.261	141.043	140.534	15.000
20170527_120034	01442	120.00	135.00	NA	NA	NA	NA	1.488
20170527_120034	01442	135.00	150.00	180.000	6.758	148.213	147.617	15.000
20170527_120034	01442	135.00	150.00	27.000	0.043	135.986	135.986	15.000
20170527_120034	01442	135.00	150.00	38.000	2.233	140.546	138.691	15.000
20170527_120034	01442	135.00	150.00	45.800	1.257	146.169	145.430	15.000
20170527_120034	01521	135.00	150.00	29.500	0.499	147.547	147.297	9.571
20170527_120034	01521	135.00	150.00	42.800	3.528	143.537	141.773	9.571
20170527_120034	01550	135.00	150.00	30.500	0.204	143.303	143.201	6.893
20170527_120034	01550	135.00	150.00	38.400	0.897	145.350	144.902	6.893
20170527_120034	01551	135.00	150.00	NA	NA	NA	NA	6.731
20170527_120034	01552	135.00	150.00	29.400	0.361	144.031	143.850	6.731
20170527_120034	01555	135.00	150.00	30.000	0.532	145.362	145.097	5.388
20170530_102955	00090	30.00	45.00	NA	NA	NA	NA	15.000
20170530_102955	00090	45.00	60.00	29.700	0.475	47.890	47.653	4.064
20170530_102955	00098	30.00	45.00	NA	NA	NA	NA	5.639
20170530_102955	00150	30.00	45.00	NA	NA	NA	NA	3.715
20170530_102955	00151	30.00	45.00	NA	NA	NA	NA	15.000
20170530_102955	00151	45.00	60.00	NA	NA	NA	NA	12.828
20170530_102955	00168	120.00	135.00	180.000	9.693	126.585	119.373	15.000
20170530_102955	00168	135.00	150.00	180.000	4.614	141.513	136.971	15.000
20170530_102955	00168	135.00	150.00	180.000	-82.726	141.658	141.585	15.000
20170530_102955	00168	135.00	150.00	180.000	-88.739	147.807	147.599	15.000
20170530_102955	00168	135.00	150.00	55.100	0.500	146.780	146.310	15.000
20170530_102955	00168	135.00	150.00	79.300	3.856	149.404	147.599	15.000
20170530_102955	00168	30.00	45.00	27.100	0.140	32.882	32.881	15.000
20170530_102955	00168	45.00	60.00	61.700	4.484	50.174	45.978	15.000
20170530_102955	00168	45.00	60.00	61.800	7.556	54.729	51.304	15.000
20170530_102955	00168	75.00	90.00	27.600	0.034	88.368	88.366	15.000
20170530_102955	00168	90.00	105.00	28.200	0.051	101.942	101.937	15.000
20170530_102955	00168	90.00	105.00	36.500	0.764	103.935	103.910	15.000
20170530_102955	00168	90.00	105.00	41.200	0.802	100.819	100.284	15.000
20170530_102955	00168	90.00	105.00	75.900	9.263	99.035	90.513	15.000
20170530_102955	00173	120.00	135.00	NA	NA	NA	NA	1.957
20170530_102955	00173	30.00	45.00	NA	NA	NA	NA	15.000
20170530_102955	00173	45.00	60.00	180.000	3.781	59.533	58.086	15.000
20170530_102955	00173	45.00	60.00	27.200	0.122	53.596	53.595	15.000
20170530_102955	00173	45.00	60.00	37.300	0.498	51.496	51.311	15.000
20170530_102955	00173	75.00	90.00	NA	NA	NA	NA	15.000
20170530_102955	00173	90.00	105.00	36.400	0.410	91.692	91.518	15.000
20170530_102955	00173	90.00	105.00	45.700	0.739	96.367	95.819	15.000
20170530_102955	00188	30.00	45.00	NA	NA	NA	NA	12.463
20170530_102955	00191	30.00	45.00	NA	NA	NA	NA	15.000
20170530_102955	00191	45.00	60.00	180.000	1.705	50.966	50.407	15.000
20170530_102955	00191	45.00	60.00	32.800	0.563	49.652	49.219	15.000
20170530_102955	00191	45.00	60.00	41.300	1.185	47.621	46.908	15.000
20170530_102955	00202	120.00	135.00	NA	NA	NA	NA	15.000
20170530_102955	00202	135.00	150.00	NA	NA	NA	NA	15.000
20170530_102955	00202	30.00	45.00	NA	NA	NA	NA	15.000
20170530_102955	00202	45.00	60.00	NA	NA	NA	NA	15.000
20170530_102955	00202	75.00	90.00	NA	NA	NA	NA	15.000
20170530_102955	00202	90.00	105.00	NA	NA	NA	NA	15.000
20170530_102955	00203	30.00	45.00	NA	NA	NA	NA	15.000
20170530_102955	00203	45.00	60.00	31.400	0.166	59.654	59.571	15.000
20170530_102955	00203	75.00	90.00	NA	NA	NA	NA	7.019
20170530_102955	00212	120.00	135.00	NA	NA	NA	NA	15.000
20170530_102955	00212	135.00	150.00	NA	NA	NA	NA	15.000
20170530_102955	00212	30.00	45.00	NA	NA	NA	NA	15.000
20170530_102955	00212	45.00	60.00	27.800	0.277	56.397	56.258	15.000
20170530_102955	00212	45.00	60.00	36.600	3.199	48.068	46.468	15.000
20170530_102955	00212	75.00	90.00	NA	NA	NA	NA	15.000
20170530_102955	00212	90.00	105.00	NA	NA	NA	NA	15.000
20170530_102955	00213	30.00	45.00	32.600	0.711	36.323	35.967	15.000
20170530_102955	00213	45.00	60.00	31.900	0.363	54.821	54.639	15.000
20170530_102955	00213	45.00	60.00	35.600	1.522	57.054	56.293	15.000
20170530_102955	00213	45.00	60.00	47.100	2.824	50.768	49.356	15.000
20170530_102955	00226	30.00	45.00	NA	NA	NA	NA	5.639
20170530_102955	00227	30.00	45.00	NA	NA	NA	NA	3.760
20170530_102955	00230	120.00	135.00	40.200	4.755	129.537	127.159	15.000
20170530_102955	00230	135.00	150.00	27.900	0.075	136.572	136.534	15.000
20170530_102955	00230	135.00	150.00	28.600	0.242	144.744	144.623	15.000
20170530_102955	00230	135.00	150.00	44.700	3.382	149.522	147.832	15.000
20170530_102955	00230	135.00	150.00	58.100	5.611	140.887	138.082	15.000
20170530_102955	00230	30.00	45.00	NA	NA	NA	NA	15.000
20170530_102955	00230	45.00	60.00	27.300	0.051	47.458	47.433	15.000
20170530_102955	00230	75.00	90.00	NA	NA	NA	NA	15.000
20170530_102955	00230	90.00	105.00	29.300	0.059	94.141	94.112	15.000
20170530_102955	00230	90.00	105.00	32.400	1.370	101.517	100.832	15.000
20170530_102955	00230	90.00	105.00	34.100	0.847	91.547	91.124	15.000
20170530_102955	00230	90.00	105.00	42.700	3.881	104.967	103.026	15.000
20170530_102955	00263	30.00	45.00	33.300	1.069	31.685	31.661	13.438
20170530_102955	00263	45.00	60.00	180.000	6.448	50.379	49.876	15.000
20170530_102955	00263	45.00	60.00	30.500	1.581	57.181	57.046	15.000
20170530_102955	00263	45.00	60.00	34.600	0.795	47.765	47.744	15.000
20170530_102955	00263	75.00	90.00	NA	NA	NA	NA	5.394
20170530_102955	00264	120.00	135.00	NA	NA	NA	NA	15.000
20170530_102955	00264	135.00	150.00	180.000	2.134	138.085	137.853	15.000
20170530_102955	00264	135.00	150.00	43.200	3.528	142.280	141.716	15.000
20170530_102955	00264	30.00	45.00	180.000	1.502	44.752	44.293	13.438
20170530_102955	00264	30.00	45.00	45.300	1.405	40.555	39.811	13.438
20170530_102955	00264	45.00	60.00	180.000	4.773	49.420	48.820	15.000
20170530_102955	00264	45.00	60.00	35.100	1.131	47.086	46.697	15.000
20170530_102955	00264	75.00	90.00	NA	NA	NA	NA	15.000
20170530_102955	00264	90.00	105.00	34.600	2.485	100.819	100.417	15.000
20170530_102955	00264	90.00	105.00	37.900	0.675	91.657	91.548	15.000
20170530_102955	00265	30.00	45.00	NA	NA	NA	NA	13.265
20170530_102955	00265	45.00	60.00	32.100	0.306	47.840	47.574	15.000
20170530_102955	00265	45.00	60.00	42.800	0.932	50.431	49.934	15.000
20170530_102955	00265	45.00	60.00	43.400	2.896	53.204	51.525	15.000
20170530_102955	00266	30.00	45.00	NA	NA	NA	NA	8.294
20170530_102955	00273	120.00	135.00	NA	NA	NA	NA	15.000
20170530_102955	00273	135.00	150.00	180.000	-79.846	135.427	134.386	15.000
20170530_102955	00273	135.00	150.00	51.700	1.213	141.257	141.225	15.000
20170530_102955	00273	135.00	150.00	74.200	3.383	137.903	136.786	15.000
20170530_102955	00273	135.00	150.00	77.400	1.561	135.839	134.386	15.000
20170530_102955	00273	30.00	45.00	50.500	1.534	42.191	42.166	10.886
20170530_102955	00273	30.00	45.00	74.100	4.354	44.971	44.945	10.886
20170530_102955	00273	45.00	60.00	36.600	0.587	50.916	50.357	15.000
20170530_102955	00273	45.00	60.00	55.000	4.224	59.198	57.170	15.000
20170530_102955	00273	45.00	60.00	83.200	1.550	53.097	52.990	15.000
20170530_102955	00273	75.00	90.00	180.000	0.215	83.006	82.976	15.000
20170530_102955	00273	75.00	90.00	180.000	13.242	89.063	86.726	15.000
20170530_102955	00273	75.00	90.00	79.500	0.164	84.034	84.008	15.000
20170530_102955	00273	90.00	105.00	NA	NA	NA	NA	15.000
20170530_102955	00285	120.00	135.00	NA	NA	NA	NA	15.000
20170530_102955	00285	135.00	150.00	35.500	0.499	137.233	136.875	15.000
20170530_102955	00285	30.00	45.00	NA	NA	NA	NA	9.091
20170530_102955	00285	45.00	60.00	30.400	1.384	53.596	53.162	15.000
20170530_102955	00285	45.00	60.00	32.300	0.468	47.984	47.756	15.000
20170530_102955	00285	75.00	90.00	NA	NA	NA	NA	15.000
20170530_102955	00285	90.00	105.00	180.000	3.836	103.901	102.128	15.000
20170530_102955	00285	90.00	105.00	28.000	0.224	94.940	94.928	15.000
20170530_102955	00285	90.00	105.00	29.300	0.716	93.059	93.026	15.000
20170530_102955	00285	90.00	105.00	35.100	0.589	100.892	100.342	15.000
20170530_102955	00286	120.00	135.00	37.300	11.674	120.547	114.710	11.532
20170530_102955	00286	30.00	45.00	NA	NA	NA	NA	9.091
20170530_102955	00286	45.00	60.00	39.200	3.230	56.411	54.796	15.000
20170530_102955	00286	45.00	60.00	45.900	1.468	52.696	51.962	15.000
20170530_102955	00286	75.00	90.00	NA	NA	NA	NA	15.000
20170530_102955	00286	90.00	105.00	NA	NA	NA	NA	15.000
20170530_102955	00287	30.00	45.00	NA	NA	NA	NA	8.616
20170530_102955	00287	45.00	60.00	NA	NA	NA	NA	4.022
20170530_102955	00288	30.00	45.00	NA	NA	NA	NA	8.616
20170530_102955	00288	45.00	60.00	NA	NA	NA	NA	15.000
20170530_102955	00302	120.00	135.00	32.600	0.985	126.730	126.031	11.927
20170530_102955	00302	30.00	45.00	NA	NA	NA	NA	0.687
20170530_102955	00302	45.00	60.00	33.300	2.148	46.740	46.683	15.000
20170530_102955	00302	45.00	60.00	45.100	6.497	51.950	49.493	15.000
20170530_102955	00302	75.00	90.00	31.200	1.171	84.323	83.746	15.000
20170530_102955	00302	75.00	90.00	35.300	0.278	78.219	78.171	15.000
20170530_102955	00302	75.00	90.00	47.500	0.103	77.255	77.226	15.000
20170530_102955	00302	90.00	105.00	37.400	3.147	101.463	100.054	15.000
20170530_102955	00304	120.00	135.00	31.300	0.506	125.914	125.661	10.828
20170530_102955	00304	120.00	135.00	35.200	0.355	122.360	122.183	10.828
20170530_102955	00304	120.00	135.00	36.800	2.446	120.163	118.940	10.828
20170530_102955	00304	120.00	135.00	37.000	1.198	124.322	123.723	10.828
20170530_102955	00304	30.00	45.00	NA	NA	NA	NA	0.138
20170530_102955	00304	45.00	60.00	32.000	1.728	52.794	51.930	15.000
20170530_102955	00304	45.00	60.00	37.200	1.112	50.097	49.541	15.000
20170530_102955	00304	45.00	60.00	37.900	1.870	47.101	46.166	15.000
20170530_102955	00304	75.00	90.00	NA	NA	NA	NA	15.000
20170530_102955	00304	90.00	105.00	27.200	0.054	96.425	96.398	15.000
20170530_102955	00304	90.00	105.00	28.900	0.150	92.763	92.688	15.000
20170530_102955	00304	90.00	105.00	30.500	0.375	97.555	97.368	15.000
20170530_102955	00304	90.00	105.00	33.700	0.460	91.450	91.220	15.000
20170530_102955	00304	90.00	105.00	52.900	2.829	102.283	100.869	15.000
20170530_102955	00305	120.00	135.00	NA	NA	NA	NA	15.000
20170530_102955	00305	135.00	150.00	27.200	0.028	136.514	136.500	15.000
20170530_102955	00305	135.00	150.00	45.100	4.927	139.951	137.487	15.000
20170530_102955	00305	45.00	60.00	28.800	0.734	56.115	55.748	14.957
20170530_102955	00305	45.00	60.00	32.200	1.452	49.742	49.016	14.957
20170530_102955	00305	75.00	90.00	40.900	2.593	85.963	84.667	15.000
20170530_102955	00305	75.00	90.00	41.000	0.146	83.817	83.744	15.000
20170530_102955	00305	90.00	105.00	54.600	3.982	102.441	100.450	15.000
20170530_102955	00306	120.00	135.00	NA	NA	NA	NA	15.000
20170530_102955	00306	135.00	150.00	NA	NA	NA	NA	15.000
20170530_102955	00306	45.00	60.00	NA	NA	NA	NA	14.957
20170530_102955	00306	75.00	90.00	NA	NA	NA	NA	15.000
20170530_102955	00306	90.00	105.00	NA	NA	NA	NA	15.000
20170530_102955	00345	45.00	60.00	32.200	0.801	49.501	49.100	12.529
20170530_102955	00345	75.00	90.00	NA	NA	NA	NA	4.562
20170530_102955	00346	45.00	60.00	180.000	4.693	50.527	48.740	12.529
20170530_102955	00346	45.00	60.00	27.900	0.905	57.521	57.431	12.529
20170530_102955	00353	120.00	135.00	NA	NA	NA	NA	15.000
20170530_102955	00353	135.00	150.00	30.800	1.794	140.548	139.923	15.000
20170530_102955	00353	135.00	150.00	31.700	0.273	144.110	143.995	15.000
20170530_102955	00353	135.00	150.00	32.700	0.446	136.768	136.455	15.000
20170530_102955	00353	135.00	150.00	48.900	5.716	147.366	145.129	15.000
20170530_102955	00353	45.00	60.00	39.700	1.688	53.477	52.829	9.034
20170530_102955	00353	45.00	60.00	43.700	2.186	56.755	56.532	9.034
20170530_102955	00353	75.00	90.00	27.500	0.046	79.026	79.022	15.000
20170530_102955	00353	75.00	90.00	33.400	0.704	84.487	84.462	15.000
20170530_102955	00353	90.00	105.00	32.700	0.186	98.787	98.756	15.000
20170530_102955	00357	120.00	135.00	NA	NA	NA	NA	15.000
20170530_102955	00357	135.00	150.00	NA	NA	NA	NA	15.000
20170530_102955	00357	45.00	60.00	NA	NA	NA	NA	4.502
20170530_102955	00357	75.00	90.00	NA	NA	NA	NA	15.000
20170530_102955	00357	90.00	105.00	NA	NA	NA	NA	15.000
20170530_102955	00358	45.00	60.00	28.600	0.180	55.891	55.801	4.502
20170530_102955	00358	75.00	90.00	NA	NA	NA	NA	7.658
20170530_102955	00393	120.00	135.00	180.000	5.225	124.828	123.032	15.000
20170530_102955	00393	120.00	135.00	29.500	0.953	129.548	129.539	15.000
20170530_102955	00393	135.00	150.00	NA	NA	NA	NA	10.461
20170530_102955	00393	75.00	90.00	NA	NA	NA	NA	15.000
20170530_102955	00393	90.00	105.00	37.800	1.565	93.927	92.858	15.000
20170530_102955	00403	75.00	90.00	NA	NA	NA	NA	15.000
20170530_102955	00403	90.00	105.00	28.100	0.490	102.748	102.503	15.000
20170530_102955	00403	90.00	105.00	53.100	3.329	95.002	93.337	15.000
20170530_102955	00404	120.00	135.00	NA	NA	NA	NA	15.000
20170530_102955	00404	135.00	150.00	180.000	11.067	147.001	142.844	15.000
20170530_102955	00404	135.00	150.00	48.000	0.169	138.013	137.984	15.000
20170530_102955	00404	75.00	90.00	NA	NA	NA	NA	15.000
20170530_102955	00404	90.00	105.00	34.500	1.133	93.413	93.387	15.000
20170530_102955	00404	90.00	105.00	36.600	0.740	100.375	100.070	15.000
20170530_102955	00404	90.00	105.00	44.600	1.176	96.284	95.582	15.000
20170530_102955	00408	120.00	135.00	27.800	0.727	131.861	131.497	15.000
20170530_102955	00408	135.00	150.00	35.200	0.566	139.194	138.911	15.000
20170530_102955	00408	135.00	150.00	38.500	1.889	143.367	142.422	15.000
20170530_102955	00408	75.00	90.00	NA	NA	NA	NA	15.000
20170530_102955	00408	90.00	105.00	28.300	0.029	90.627	90.612	15.000
20170530_102955	00408	90.00	105.00	30.700	0.231	103.367	103.252	15.000
20170530_102955	00408	90.00	105.00	40.100	2.316	101.213	100.055	15.000
20170530_102955	00430	120.00	135.00	126.500	12.243	133.671	129.341	15.000
20170530_102955	00430	120.00	135.00	180.000	-33.963	129.946	129.341	15.000
20170530_102955	00430	120.00	135.00	47.700	0.412	124.353	124.329	15.000
20170530_102955	00430	120.00	135.00	78.000	0.229	128.450	128.249	15.000
20170530_102955	00430	120.00	135.00	78.100	1.455	125.450	125.417	15.000
20170530_102955	00430	135.00	150.00	180.000	-33.963	138.713	129.341	15.000
20170530_102955	00430	75.00	90.00	74.900	8.135	87.351	87.243	15.000
20170530_102955	00430	90.00	105.00	180.000	3.231	97.850	96.317	15.000
20170530_102955	00450	75.00	90.00	180.000	2.558	88.650	87.165	14.692
20170530_102955	00450	90.00	105.00	38.100	0.680	95.012	94.674	15.000
20170530_102955	00451	75.00	90.00	32.900	1.515	79.954	78.571	14.692
20170530_102955	00451	90.00	105.00	180.000	6.854	95.792	90.696	15.000
20170530_102955	00453	120.00	135.00	NA	NA	NA	NA	15.000
20170530_102955	00453	135.00	150.00	180.000	2.839	142.390	140.864	15.000
20170530_102955	00453	135.00	150.00	48.800	3.810	146.148	145.187	15.000
20170530_102955	00453	75.00	90.00	NA	NA	NA	NA	13.743
20170530_102955	00453	90.00	105.00	180.000	2.741	104.815	103.579	15.000
20170530_102955	00453	90.00	105.00	45.100	3.525	96.476	94.812	15.000
20170530_102955	00454	120.00	135.00	NA	NA	NA	NA	15.000
20170530_102955	00454	135.00	150.00	29.700	0.249	142.135	142.019	15.000
20170530_102955	00454	135.00	150.00	30.900	1.025	136.207	136.190	15.000
20170530_102955	00454	135.00	150.00	42.600	1.480	146.004	145.206	15.000
20170530_102955	00454	75.00	90.00	NA	NA	NA	NA	13.743
20170530_102955	00454	90.00	105.00	41.800	2.946	101.042	100.323	15.000
20170530_102955	00461	120.00	135.00	NA	NA	NA	NA	15.000
20170530_102955	00461	135.00	150.00	NA	NA	NA	NA	15.000
20170530_102955	00461	75.00	90.00	NA	NA	NA	NA	12.171
20170530_102955	00461	90.00	105.00	NA	NA	NA	NA	15.000
20170530_102955	00478	120.00	135.00	180.000	10.563	133.780	131.416	15.000
20170530_102955	00478	120.00	135.00	32.100	2.102	123.510	121.766	15.000
20170530_102955	00478	135.00	150.00	53.800	2.507	145.171	144.519	15.000
20170530_102955	00478	75.00	90.00	NA	NA	NA	NA	10.570
20170530_102955	00478	90.00	105.00	27.800	0.281	99.312	99.302	15.000
20170530_102955	00478	90.00	105.00	37.300	3.218	103.098	102.871	15.000
20170530_102955	00478	90.00	105.00	42.200	3.839	92.951	90.937	15.000
20170530_102955	00516	120.00	135.00	NA	NA	NA	NA	15.000
20170530_102955	00516	135.00	150.00	NA	NA	NA	NA	15.000
20170530_102955	00516	75.00	90.00	NA	NA	NA	NA	9.277
20170530_102955	00516	90.00	105.00	NA	NA	NA	NA	15.000
20170530_102955	00517	120.00	135.00	NA	NA	NA	NA	15.000
20170530_102955	00517	135.00	150.00	180.000	9.302	143.341	142.015	15.000
20170530_102955	00517	135.00	150.00	32.200	0.434	140.962	140.846	15.000
20170530_102955	00517	135.00	150.00	47.100	2.809	137.334	136.293	15.000
20170530_102955	00517	75.00	90.00	NA	NA	NA	NA	9.277
20170530_102955	00517	90.00	105.00	32.800	1.549	96.735	96.280	15.000
20170530_102955	00517	90.00	105.00	35.900	0.098	98.527	98.472	15.000
20170530_102955	00527	75.00	90.00	NA	NA	NA	NA	8.478
20170530_102955	00527	90.00	105.00	NA	NA	NA	NA	15.000
20170530_102955	00531	120.00	135.00	NA	NA	NA	NA	15.000
20170530_102955	00531	135.00	150.00	28.100	0.541	146.001	145.731	15.000
20170530_102955	00531	135.00	150.00	28.700	2.131	142.134	141.069	15.000
20170530_102955	00531	135.00	150.00	33.100	1.358	139.273	138.594	15.000
20170530_102955	00531	135.00	150.00	39.900	3.642	149.408	147.587	15.000
20170530_102955	00531	75.00	90.00	NA	NA	NA	NA	8.077
20170530_102955	00531	90.00	105.00	27.400	0.911	100.778	100.322	15.000
20170530_102955	00532	75.00	90.00	NA	NA	NA	NA	8.077
20170530_102955	00532	90.00	105.00	34.900	1.781	95.941	95.051	15.000
20170530_102955	00537	75.00	90.00	NA	NA	NA	NA	7.731
20170530_102955	00537	90.00	105.00	NA	NA	NA	NA	15.000
20170530_102955	00539	120.00	135.00	28.100	0.461	133.852	133.848	15.000
20170530_102955	00539	120.00	135.00	30.000	0.175	131.242	131.234	15.000
20170530_102955	00539	135.00	150.00	180.000	6.410	140.438	135.505	15.000
20170530_102955	00539	135.00	150.00	27.900	0.648	147.478	146.846	15.000
20170530_102955	00539	75.00	90.00	NA	NA	NA	NA	7.297
20170530_102955	00539	90.00	105.00	57.500	-65.419	92.468	160.981	15.000
20170530_102955	00542	120.00	135.00	NA	NA	NA	NA	15.000
20170530_102955	00542	135.00	150.00	180.000	3.540	143.193	141.213	15.000
20170530_102955	00542	135.00	150.00	180.000	4.451	147.619	145.788	15.000
20170530_102955	00542	135.00	150.00	33.500	0.770	138.683	138.373	15.000
20170530_102955	00542	135.00	150.00	35.000	0.522	136.391	136.374	15.000
20170530_102955	00542	75.00	90.00	NA	NA	NA	NA	2.732
20170530_102955	00542	90.00	105.00	180.000	3.451	97.492	95.607	15.000
20170530_102955	00542	90.00	105.00	34.300	0.669	91.989	91.976	15.000
20170530_102955	00543	120.00	135.00	NA	NA	NA	NA	15.000
20170530_102955	00543	135.00	150.00	180.000	7.234	141.401	138.481	15.000
20170530_102955	00543	135.00	150.00	27.900	0.084	146.562	146.558	15.000
20170530_102955	00543	135.00	150.00	32.900	0.375	147.696	147.609	15.000
20170530_102955	00543	135.00	150.00	37.400	0.815	136.577	136.457	15.000
20170530_102955	00543	75.00	90.00	NA	NA	NA	NA	2.732
20170530_102955	00543	90.00	105.00	NA	NA	NA	NA	15.000
20170530_102955	00551	120.00	135.00	NA	NA	NA	NA	15.000
20170530_102955	00551	135.00	150.00	32.700	0.500	147.329	147.321	15.000
20170530_102955	00551	135.00	150.00	38.800	1.897	137.595	135.742	15.000
20170530_102955	00551	135.00	150.00	62.100	5.219	139.451	138.915	15.000
20170530_102955	00551	75.00	90.00	NA	NA	NA	NA	0.280
20170530_102955	00551	90.00	105.00	NA	NA	NA	NA	15.000
20170530_102955	00616	120.00	135.00	34.000	1.005	134.439	134.304	15.000
20170530_102955	00616	135.00	150.00	180.000	3.788	147.513	146.595	15.000
20170530_102955	00616	135.00	150.00	180.000	3.915	141.438	140.552	15.000
20170530_102955	00616	135.00	150.00	33.500	0.779	138.560	138.005	15.000
20170530_102955	00639	120.00	135.00	NA	NA	NA	NA	15.000
20170530_102955	00639	135.00	150.00	180.000	5.816	146.889	144.290	15.000
20170530_102955	00639	135.00	150.00	33.000	0.329	142.824	142.682	15.000
20170530_102955	00680	120.00	135.00	27.300	0.030	125.720	125.705	15.000
20170530_102955	00680	120.00	135.00	27.400	0.206	126.503	126.400	15.000
20170530_102955	00680	135.00	150.00	27.300	0.334	138.205	138.038	15.000
20170530_102955	00680	135.00	150.00	28.700	0.078	141.981	141.942	15.000
20170530_102955	00680	135.00	150.00	31.800	0.748	136.498	136.124	15.000
20170530_102955	00680	135.00	150.00	37.100	1.709	140.141	139.286	15.000
20170530_102955	00681	120.00	135.00	NA	NA	NA	NA	15.000
20170530_102955	00681	135.00	150.00	180.000	1.875	140.292	139.593	15.000
20170530_102955	00681	135.00	150.00	180.000	9.641	145.316	144.115	15.000
20170530_102955	00681	135.00	150.00	36.800	1.665	138.597	137.233	15.000
20170530_102955	00689	120.00	135.00	32.300	1.527	126.841	126.537	15.000
20170530_102955	00689	120.00	135.00	38.800	1.112	134.624	134.073	15.000
20170530_102955	00689	135.00	150.00	180.000	17.737	140.888	136.536	15.000
20170530_102955	00690	120.00	135.00	33.200	2.207	125.596	124.663	15.000
20170530_102955	00690	120.00	135.00	34.400	0.174	121.229	121.216	15.000
20170530_102955	00690	135.00	150.00	180.000	4.098	143.410	142.381	15.000
20170530_102955	00690	135.00	150.00	35.000	2.715	138.196	138.005	15.000
20170530_102955	00690	135.00	150.00	40.300	1.598	136.281	135.780	15.000
20170530_102955	00703	120.00	135.00	NA	NA	NA	NA	15.000
20170530_102955	00703	135.00	150.00	58.900	5.543	136.254	133.482	5.730
20170530_102955	00704	120.00	135.00	NA	NA	NA	NA	15.000
20170530_102955	00704	135.00	150.00	NA	NA	NA	NA	15.000
20170530_102955	00708	120.00	135.00	34.200	0.382	130.313	130.122	11.532
20170530_102955	00710	120.00	135.00	34.500	1.467	132.974	132.241	13.512
20170530_102955	00710	135.00	150.00	48.700	8.744	139.758	135.386	15.000
20170530_102955	00711	120.00	135.00	NA	NA	NA	NA	13.512
20170530_102955	00711	135.00	150.00	NA	NA	NA	NA	15.000
20170530_102955	00727	120.00	135.00	NA	NA	NA	NA	8.926
20170530_102955	00727	135.00	150.00	180.000	2.563	141.219	139.952	15.000
20170530_102955	00727	135.00	150.00	180.000	2.997	137.709	135.795	15.000
20170530_102955	00728	120.00	135.00	NA	NA	NA	NA	8.926
20170530_102955	00728	135.00	150.00	180.000	5.694	149.695	147.756	15.000
20170530_102955	00728	135.00	150.00	30.200	0.871	144.945	144.244	15.000
20170530_102955	00728	135.00	150.00	32.300	1.841	139.929	139.842	15.000
20170530_102955	00728	135.00	150.00	36.200	0.590	143.086	142.790	15.000
20170530_102955	00745	120.00	135.00	NA	NA	NA	NA	2.939
20170530_102955	00745	135.00	150.00	38.000	1.777	144.602	143.713	15.000
20170530_102955	00746	120.00	135.00	NA	NA	NA	NA	2.939
20170530_102955	00746	135.00	150.00	180.000	10.036	139.779	135.513	15.000
20170530_102955	00754	120.00	135.00	39.300	1.136	133.487	133.182	2.244
20170530_102955	00754	135.00	150.00	180.000	8.347	142.054	138.782	15.000
20170530_102955	00754	135.00	150.00	32.100	0.860	137.396	136.838	15.000
20170530_102955	00755	120.00	135.00	61.200	1.356	133.633	133.146	2.206
20170530_102955	00755	135.00	150.00	180.000	1.228	135.879	135.301	15.000
20170530_102955	00755	135.00	150.00	180.000	7.680	139.524	137.240	15.000
20170530_102955	00757	120.00	135.00	NA	NA	NA	NA	0.744
20170530_102955	00757	135.00	150.00	NA	NA	NA	NA	15.000
20170530_102955	00820	135.00	150.00	NA	NA	NA	NA	4.500
20170530_102955	00822	135.00	150.00	NA	NA	NA	NA	3.111
20170530_102955	00823	135.00	150.00	28.000	0.615	147.995	147.688	3.111
